#NSGA2
popsize 40
maxGen 60
numVar 6
numObj 2
numCons 3
stateFieldNames	currentGen	evaluateCount	totalTime	firstFrontCount	frontCount	avgEvalTime	
#end


#Generation 1 / 60
currentGen	1
evaluateCount	40
totalTime	70.6871
firstFrontCount	2
frontCount	38
avgEvalTime	6.6571
#end
Var1	Var2	Var3	Var4	Var5	Var6	Obj1	Obj2	Cons1	Cons2	Cons3	
470434	606.612	0.74551	1.20871	0.551793	33342.8	-0.184606	-0.431004	0	0.468996	0	
560638	91.7668	0.715179	1.9927	0.354534	48850.4	-0.193037	-0.63338	0	0.26662	0	
411804	887.678	0.455601	0.885512	0.217732	15026.2	-0.200068	-0.507648	0	0.392352	0	
378023	728.843	0.777215	1.4182	0.00980225	43728.5	-0.159518	-0.828391	0	0.0716086	0	
930099	773.245	0.0518067	0.818554	0.70434	39180.5	-0.509063	-0.100884	0	0.799116	0	
301849	276.364	0.669571	1.00724	0.623716	19457.8	-0.269922	-0.541622	0	0.358378	0	
259411	831.347	0.761583	1.87551	0.107889	17289.1	-0.161417	-0.742068	0	0.157932	0	
189186	494.866	0.19938	1.80219	0.0990896	11766.6	-0.301518	-0.44469	0	0.45531	0	
601566	774.77	0.315701	0.440067	0.338956	18405.8	-0.28914	-0.490048	0	0.409952	0	
559137	907.301	0.626345	0.292914	0.390855	12184.7	-0.228787	-0.649876	0	0.250124	0	
551155	437.404	0.987609	1.64204	0.485652	45777.9	-0.169497	-0.589135	0	0.310865	0	
223792	396.105	0.918809	1.84324	0.713574	34733.5	-0.180034	-0.331004	0	0.568996	0	
408959	936.667	0.132279	1.48811	0.646477	43326.1	-0.271089	-0.10115	0	0.79885	0	
458454	752.324	0.828516	0.712675	0.552262	49165.2	-0.180577	-0.466188	0	0.433812	0	
594378	337.119	0.617082	0.785209	0.75651	26556	-0.271321	-0.329933	0	0.570067	0	
543111	697.796	0.963279	0.722734	0.837803	39562.9	-0.211665	-0.242208	0	0.657792	0	
958757	41.6034	0.359732	1.35904	0.281502	19215.3	-0.382247	-0.998846	0	0	0	
740016	628.327	0.588796	1.35483	0.0475547	23951.4	-0.169384	-0.649091	0	0.250909	0	
506207	248.496	0.710744	1.72675	0.281508	39242	-0.176958	-0.625065	0	0.274935	0	
223987	838.356	0.14583	1.2176	0.366157	42270.4	-0.313547	-0.242945	0	0.657055	0	
553403	494.698	0.869508	0.770969	0.449444	48541.2	-0.177535	-0.588907	0	0.311093	0	
138068	973.229	0.195423	1.36753	0.58644	37004.5	-0.277853	-0.179199	0	0.720801	0	
424920	624.076	0.804928	0.136589	0.0838735	48992.1	-0.191196	-0.995595	0	0	0	
686215	238.925	0.405421	0.331839	0.268439	20313.8	-0.356901	-1.00001	0	0	0	
398499	160.712	0.351048	0.331151	0.884153	13771.1	-0.620059	-1.00006	0	0	0	
937037	405.03	0.0564534	0.75051	0.735966	41787.3	-0.665241	-0.202836	0	0.697164	0	
590415	689.361	0.88576	0.204104	0.303661	11847.7	-0.179895	-0.776538	0	0.123462	0	
275929	722.964	0.717318	1.76782	0.582433	12827.4	-0.188123	-0.395231	0	0.504769	0	
930470	802.368	0.290228	1.13296	0.984776	38627.1	-0.458369	-0.0291087	0	0.870891	0	
855073	438.928	0.471212	1.16536	0.269092	39960.7	-0.188451	-0.455828	0	0.444172	0	
553499	650.342	0.311591	0.363577	0.475573	24498.4	-0.374862	-0.573829	0	0.326171	0	
809302	782.493	0.665142	0.353657	0.0215559	32393.6	-0.17894	-0.806713	0	0.093287	0	
370737	940.016	0.971286	0.644579	0.80082	45844.5	-0.191519	-0.263399	0	0.636601	0	
637774	885.177	0.934857	1.1434	0.728387	33070.3	-0.174285	-0.30501	0	0.59499	0	
123272	452.066	0.643376	1.09029	0.372313	47485.4	-0.204281	-0.590575	0	0.309425	0	
846580	850.595	0.375084	1.22705	0.872553	47340.1	-0.228055	-0.0822736	0	0.817726	0	
701618	214.709	0.650774	0.236898	0.406727	36677.3	-0.298108	-1.00011	0	0	0	
940353	812.841	0.484857	1.53782	0.417047	48871.4	-0.175425	-0.341738	0	0.558262	0	
989177	865.506	0.391106	0.964009	0.246687	41376.9	-0.183844	-0.377663	0	0.522337	0	
894554	914.575	0.557119	1.23785	0.148877	45988.5	-0.168058	-0.543629	0	0.356371	0	



#Generation 2 / 60
currentGen	2
evaluateCount	80
totalTime	150.836
firstFrontCount	2
frontCount	35
avgEvalTime	7.53628
#end
Var1	Var2	Var3	Var4	Var5	Var6	Obj1	Obj2	Cons1	Cons2	Cons3	
701618	214.709	0.650774	0.236898	0.406727	36677.3	-0.298108	-1.00011	0	0	0	
398499	245.488	0.173323	0.331151	0.794598	13771.1	-0.701863	-1.00008	0	0	0	
398499	160.712	0.351048	0.331151	0.884153	13771.1	-0.620059	-1.00006	0	0	0	
686215	238.925	0.405421	0.331839	0.268439	20313.8	-0.356901	-1.00001	0	0	0	
307642	84.7885	0.669571	1.00724	0.623716	19457.8	-0.389373	-0.999679	0	0	0	
958757	41.6034	0.359732	1.35904	0.281502	19215.3	-0.382247	-0.998846	0	0	0	
925460	41.6034	0.414219	1.35904	0.281502	19215.3	-0.3531	-0.99907	0	0	0	
450678	624.076	0.805175	0.136589	0.212781	48992.1	-0.215412	-0.998525	0	0	0	
487169	452.066	0.802094	0.256837	0.311459	49222.6	-0.226371	-0.926226	0	0	0	
424920	624.076	0.804928	0.136589	0.0838735	48992.1	-0.191196	-0.995595	0	0	0	
521193	624.076	0.774252	0.136589	0.0838735	48992.1	-0.194635	-0.980148	0	0	0	
470209	579.452	0.843804	0.136589	0.060237	48992.1	-0.177882	-0.978392	0	0	0	
736966	628.327	0.93645	1.3312	0.0475547	23951.4	-0.153128	-0.914372	0	0	0	
814782	275.115	0.682852	0.427275	0.256146	20313.8	-0.222575	-0.838139	0	0.061861	0	
378023	728.843	0.777215	1.33727	0.00980225	43728.5	-0.159771	-0.829961	0	0.0700389	0	
378023	728.843	0.777215	1.4182	0.00980225	43728.5	-0.159518	-0.828391	0	0.0716086	0	
274230	759.499	0.777215	1.83784	0.00980225	39734.6	-0.158318	-0.821056	0	0.0789444	0	
809302	782.493	0.665142	0.353657	0.0215559	32393.6	-0.17894	-0.806713	0	0.093287	0	
590415	689.361	0.911822	0.204104	0.303661	11847.7	-0.175958	-0.777529	0	0.122471	0	
590415	689.361	0.88576	0.204104	0.303661	11847.7	-0.179895	-0.776538	0	0.123462	0	
321996	557.935	0.393988	0.331151	0.884153	10000	-0.712972	-0.764714	0	0.135286	0	
259411	831.347	0.761583	1.87551	0.107889	17289.1	-0.161417	-0.742068	0	0.157932	0	
100000	701.578	0.64621	0.970038	0.0390265	50000	-0.172295	-0.733156	0	0.166844	0	
479663	539.322	0.895136	0.770969	0.3015	48541.2	-0.169101	-0.723401	0	0.176599	0	
559137	907.301	0.626345	0.211003	0.473145	17474.7	-0.263245	-0.682667	0	0.217333	0	
624157	882.033	0.88576	0.204104	0.459354	27309	-0.196261	-0.671828	0	0.228172	0	
559137	907.301	0.626345	0.292914	0.390855	12184.7	-0.228787	-0.649876	0	0.250124	0	
740016	628.327	0.588796	1.35483	0.0475547	23951.4	-0.169384	-0.649091	0	0.250909	0	
409934	248.496	0.775854	1.72675	0.324182	39242	-0.175226	-0.634406	0	0.265594	0	
560638	91.7668	0.715179	1.9927	0.354534	48850.4	-0.193037	-0.63338	0	0.26662	0	
506207	248.496	0.710744	1.72675	0.281508	39242	-0.176958	-0.625065	0	0.274935	0	
590415	774.615	0.88576	0.204104	0.612191	12817	-0.236167	-0.619028	0	0.280972	0	
553499	731.644	0.311591	0.363577	0.307862	26444.7	-0.321483	-0.591878	0	0.308122	0	
123272	452.066	0.643376	1.09029	0.372313	47485.4	-0.204281	-0.590575	0	0.309425	0	
551155	437.404	0.987609	1.64204	0.485652	45777.9	-0.169497	-0.589135	0	0.310865	0	
553403	494.698	0.869508	0.770969	0.449444	48541.2	-0.177535	-0.588907	0	0.311093	0	
344696	140.11	0.674378	1.76782	0.520219	14816.5	-0.238293	-0.58582	0	0.31418	0	
553499	650.342	0.311591	0.363577	0.475573	24498.4	-0.374862	-0.573829	0	0.326171	0	
740016	628.327	0.481344	1.46391	0.0475547	21201.2	-0.174107	-0.548833	0	0.351167	0	
370106	940.016	0.971286	0.644579	0.529478	45844.5	-0.173817	-0.54727	0	0.35273	0	



#Generation 3 / 60
currentGen	3
evaluateCount	120
totalTime	244.628
firstFrontCount	5
frontCount	21
avgEvalTime	9.18094
#end
Var1	Var2	Var3	Var4	Var5	Var6	Obj1	Obj2	Cons1	Cons2	Cons3	
701618	214.709	0.650774	0.236898	0.406727	36677.3	-0.298108	-1.00011	0	0	0	
398499	245.488	0.173323	0.331151	0.794598	13771.1	-0.701863	-1.00008	0	0	0	
638003	214.709	0.678255	0.244168	0.406727	41762.8	-0.290939	-1.00015	0	0	0	
542053	26.6571	0.359732	1.35904	0.377441	19215.3	-0.371918	-1.00009	0	0	0	
398499	201.147	0.41518	0.331151	0.965744	14216.6	-0.742357	-0.999904	0	0	0	
398499	160.712	0.351048	0.331151	0.884153	13771.1	-0.620059	-1.00006	0	0	0	
398499	147.311	0.403227	0.264998	0.794598	13771.1	-0.499654	-1.00006	0	0	0	
686215	368.002	0.664833	0.166599	0.31508	17113.3	-0.270432	-1.00002	0	0	0	
398499	97.8845	0.348532	0.471681	0.794598	13771.1	-0.541088	-1.00002	0	0	0	
686215	238.925	0.405421	0.331839	0.268439	20313.8	-0.356901	-1.00001	0	0	0	
307642	84.7885	0.669571	1.00724	0.623716	19457.8	-0.389373	-0.999679	0	0	0	
925460	10	0.414219	1.35904	0.281502	18769.9	-0.275937	-1.00002	0	0	0	
814782	162.948	0.364789	0.427275	0.25715	20313.8	-0.373649	-1.00001	0	0	0	
958757	41.6034	0.359732	1.35904	0.281502	19215.3	-0.382247	-0.998846	0	0	0	
925460	41.6034	0.414219	1.35904	0.281502	19215.3	-0.3531	-0.99907	0	0	0	
351523	234.391	0.804928	0.136589	0.0838735	48992.1	-0.187285	-1.00001	0	0	0	
814782	127.955	0.667276	0.427275	0.376792	19535.6	-0.286345	-0.999953	0	0	0	
925460	41.6034	0.414219	1.35904	0.0524524	21164.4	-0.297813	-0.999394	0	0	0	
424920	481.234	0.839996	0.136589	0.0838735	50000	-0.185106	-0.999903	0	0	0	
620278	386.989	0.745441	0.236898	0.406727	36677.3	-0.275886	-0.975244	0	0	0	
510544	512.173	0.710744	0.157593	0.110063	49598	-0.215642	-0.999731	0	0	0	
450678	624.076	0.805175	0.136589	0.212781	48992.1	-0.215412	-0.998525	0	0	0	
487169	452.066	0.802094	0.256837	0.311459	49222.6	-0.226371	-0.926226	0	0	0	
533524	452.066	0.495689	0.334248	0.116678	48445.3	-0.268292	-0.922922	0	0	0	
424920	624.076	0.804928	0.136589	0.0838735	48992.1	-0.191196	-0.995595	0	0	0	
521193	624.076	0.774252	0.136589	0.0838735	48992.1	-0.194635	-0.980148	0	0	0	
487169	471.908	0.804808	0.249567	0.311459	44137	-0.222425	-0.909182	0	0	0	
470209	579.452	0.843804	0.136589	0.060237	48992.1	-0.177882	-0.978392	0	0	0	
470209	681.484	0.837614	0.136589	0	48992.1	-0.168918	-0.968552	0	0	0	
736966	628.327	0.93645	1.3312	0.0475547	23951.4	-0.153128	-0.914372	0	0	0	
924022	215.815	0.682852	0.427275	0.175599	20313.8	-0.216489	-0.896557	0	0.00344265	0	
424920	624.076	0.804928	0.60589	0.047719	48992.1	-0.164506	-0.856656	0	0.0433436	0	
814782	275.115	0.682852	0.427275	0.256146	20313.8	-0.222575	-0.838139	0	0.061861	0	
504393	831.347	0.792985	1.87551	0	36389.9	-0.155824	-0.830103	0	0.0698973	0	
378023	728.843	0.777215	1.33727	0.00980225	43728.5	-0.159771	-0.829961	0	0.0700389	0	
378023	728.843	0.777215	1.4182	0.00980225	43728.5	-0.159518	-0.828391	0	0.0716086	0	
291417	780.573	0.777215	1.3961	0.00980225	43728.5	-0.159343	-0.827283	0	0.0727168	0	
378023	733.98	0.777215	1.04531	0.0281544	43728.5	-0.161529	-0.825384	0	0.0746161	0	
274230	759.499	0.777215	1.83784	0.00980225	39734.6	-0.158318	-0.821056	0	0.0789444	0	
814782	277.462	0.682852	0.477609	0.256146	20830.1	-0.216468	-0.807211	0	0.0927887	0	



#Generation 4 / 60
currentGen	4
evaluateCount	160
totalTime	374.185
firstFrontCount	5
frontCount	8
avgEvalTime	11.111
#end
Var1	Var2	Var3	Var4	Var5	Var6	Obj1	Obj2	Cons1	Cons2	Cons3	
398499	245.488	0.173323	0.331151	0.794598	13771.1	-0.701863	-1.00008	0	0	0	
398499	201.147	0.41518	0.331151	0.965744	14216.6	-0.742357	-0.999904	0	0	0	
478958	245.488	0.173323	0.331151	0.796791	13771.1	-0.715399	-0.999911	0	0	0	
276472	245.488	0.142081	0.331151	0.794598	13771.1	-0.701116	-1.00023	0	0	0	
398499	245.488	0.173323	0.331151	0.794598	13771.1	-0.701863	-1.00008	0	0	0	
701618	214.709	0.650774	0.236898	0.406727	36677.3	-0.298108	-1.00011	0	0	0	
638003	214.709	0.678255	0.244168	0.406727	41762.8	-0.290939	-1.00015	0	0	0	
398499	160.712	0.351048	0.331151	0.884153	13771.1	-0.620059	-1.00006	0	0	0	
398499	147.311	0.403227	0.264998	0.794598	13771.1	-0.499654	-1.00006	0	0	0	
574272	26.6571	0.359732	1.48425	0.377441	19215.3	-0.379615	-1.00008	0	0	0	
398499	349.71	0.284427	0.246038	0.794598	13771.1	-0.657728	-0.999786	0	0	0	
542053	26.6571	0.342268	1.35904	0.377441	18177.6	-0.379217	-1.0001	0	0	0	
542053	26.6571	0.359732	1.35904	0.377441	19215.3	-0.371918	-1.00009	0	0	0	
398499	97.8845	0.348532	0.4218	0.835679	17091	-0.545951	-1.00004	0	0	0	
686215	368.002	0.664833	0.166599	0.31508	17113.3	-0.270432	-1.00002	0	0	0	
398499	97.8845	0.348532	0.471681	0.794598	13771.1	-0.541088	-1.00002	0	0	0	
1e+06	10	0.414219	1.31977	0.395486	21164.4	-0.291097	-1.00002	0	0	0	
541949	386.989	0.745441	0.1	0.406727	36372	-0.267203	-1.00008	0	0	0	
398499	97.8845	0.348532	0.471681	0.794598	13771.1	-0.541088	-1.00002	0	0	0	
686215	238.925	0.405421	0.331839	0.268439	20313.8	-0.356901	-1.00001	0	0	0	
925460	10	0.414219	1.35904	0.281502	18769.9	-0.275937	-1.00002	0	0	0	
814782	162.948	0.364789	0.427275	0.25715	20313.8	-0.373649	-1.00001	0	0	0	
925460	10	0.414219	1.35904	0.281502	18769.9	-0.275937	-1.00002	0	0	0	
398499	236.699	0.902629	0.205613	0.794598	13771.1	-0.424812	-0.999502	0	0	0	
793863	214.709	0.593928	0.244168	0.221777	41301.6	-0.266252	-1.00008	0	0	0	
540653	111.38	0.314868	0.885746	0.281502	19215.3	-0.418857	-0.999831	0	0	0	
307642	84.7885	0.669571	1.00724	0.623716	19457.8	-0.389373	-0.999679	0	0	0	
814782	127.955	0.667276	0.427275	0.376792	19535.6	-0.286345	-0.999953	0	0	0	
607629	263.78	0.664833	0.1	0.382223	17113.3	-0.265891	-1.00005	0	0	0	
925460	10	0.433819	1.35904	0.281502	13273.8	-0.271417	-1	0	0	0	
307642	84.7885	0.743033	1.00724	0.623716	17934.7	-0.368034	-0.999687	0	0	0	
958757	41.6034	0.359732	1.35904	0.281502	19215.3	-0.382247	-0.998846	0	0	0	
925460	41.6034	0.414219	1.35904	0.281502	19215.3	-0.3531	-0.99907	0	0	0	
925460	41.6034	0.414219	1.35904	0.0524524	21164.4	-0.297813	-0.999394	0	0	0	
527589	41.6034	0.505917	1.35904	0.0524524	21647.2	-0.259212	-0.999978	0	0	0	
701618	214.709	0.797409	0.108594	0.396129	36677.3	-0.2434	-1.00004	0	0	0	
431723	234.391	0.529186	0.136589	0.0838735	48992.1	-0.245772	-1.00002	0	0	0	
424920	422.802	0.804928	0.136589	0.0838735	46168.8	-0.190839	-1.00002	0	0	0	
1e+06	41.6034	0.371157	1.466	0.229421	19215.3	-0.364217	-0.993615	0	0	0	
510544	512.173	0.710744	0.157593	0.110063	49598	-0.215642	-0.999731	0	0	0	



#Generation 5 / 60
currentGen	5
evaluateCount	200
totalTime	483.09
firstFrontCount	7
frontCount	6
avgEvalTime	10.0533
#end
Var1	Var2	Var3	Var4	Var5	Var6	Obj1	Obj2	Cons1	Cons2	Cons3	
398499	245.488	0.173323	0.331151	0.794598	13771.1	-0.701863	-1.00008	0	0	0	
398499	201.147	0.41518	0.331151	0.965744	14216.6	-0.742357	-0.999904	0	0	0	
478958	245.488	0.173323	0.331151	0.796791	13771.1	-0.715399	-0.999911	0	0	0	
276472	245.488	0.142081	0.331151	0.794598	13771.1	-0.701116	-1.00023	0	0	0	
398499	245.488	0.173323	0.331151	0.794598	13771.1	-0.701863	-1.00008	0	0	0	
478958	236.879	0.173323	0.1	0.796791	13771.1	-0.462316	-1.00024	0	0	0	
276472	245.488	0.142081	0.438037	0.846859	16991	-0.779443	-0.999739	0	0	0	
638003	214.709	0.678255	0.244168	0.406727	41762.8	-0.290939	-1.00015	0	0	0	
398499	160.712	0.351048	0.331151	0.884153	13771.1	-0.620059	-1.00006	0	0	0	
398499	147.311	0.403227	0.264998	0.794598	13771.1	-0.499654	-1.00006	0	0	0	
398499	349.71	0.284427	0.246038	0.794598	13771.1	-0.657728	-0.999786	0	0	0	
256518	147.311	0.365674	0.264998	0.794598	13771.1	-0.496156	-1.00009	0	0	0	
644216	182.361	0.678255	0.292076	0.406727	41241	-0.291316	-1.00014	0	0	0	
246234	86.0571	0.366383	0.264998	0.870848	16216.7	-0.434049	-1.00012	0	0	0	
478958	293.88	0.173323	0.368339	0.638716	20925.7	-0.688089	-0.999562	0	0	0	
385369	271.757	0.593928	0.118962	0.830921	41301.6	-0.470829	-1.00012	0	0	0	
701618	214.709	0.650774	0.236898	0.406727	36677.3	-0.298108	-1.00011	0	0	0	
574272	26.6571	0.359732	1.48425	0.377441	19215.3	-0.379615	-1.00008	0	0	0	
542053	26.6571	0.342268	1.35904	0.377441	18177.6	-0.379217	-1.0001	0	0	0	
398499	97.8845	0.348532	0.4218	0.835679	17091	-0.545951	-1.00004	0	0	0	
478958	191.941	0.291485	0.331151	0.776971	13771.1	-0.607086	-1	0	0	0	
398499	97.8845	0.348532	0.746883	0.672741	13104	-0.533117	-1.00004	0	0	0	
542053	26.6571	0.342268	1.35904	0.377441	18177.6	-0.379217	-1.0001	0	0	0	
542053	26.6571	0.359732	1.35904	0.377441	19215.3	-0.371918	-1.00009	0	0	0	
398499	97.8845	0.348532	0.471681	0.794598	13771.1	-0.541088	-1.00002	0	0	0	
398499	97.8845	0.348532	0.471681	0.794598	13771.1	-0.541088	-1.00002	0	0	0	
466466	97.8845	0.223109	0.471681	0.794598	14233.3	-0.586229	-1	0	0	0	
795030	26.6571	0.342268	1.35904	0.377441	19649.7	-0.387722	-1.00002	0	0	0	
528694	171.861	0.544324	0.236898	0.406727	33715.1	-0.319024	-1.00009	0	0	0	
542053	26.6571	0.359732	1.35904	0.377441	19215.3	-0.371918	-1.00009	0	0	0	
636221	64.4383	0.195045	0.12191	0.858736	10000	-0.285992	-1.0001	0	0	0	
397117	97.8845	0.348532	0.471681	0.794598	13771.1	-0.54095	-1.00002	0	0	0	
443261	245.488	0.444986	0.331151	0.724344	13771.1	-0.53595	-0.999887	0	0	0	
398499	97.8845	0.428991	0.471681	0.794598	13771.1	-0.519508	-0.999946	0	0	0	
635149	26.6571	0.359732	1.35904	0.260041	26422.3	-0.347582	-1.00009	0	0	0	
246606	236.699	0.942242	0.418258	0.883875	14071.7	-0.570434	-0.999542	0	0	0	
686215	238.925	0.287259	0.331839	0.268439	19889.7	-0.428255	-1.00001	0	0	0	
925460	168.539	0.414219	0.1	0.635586	18769.9	-0.353353	-1.00003	0	0	0	
398499	83.657	0.503618	0.4218	0.835679	15588.8	-0.488059	-0.999997	0	0	0	
806993	268.649	0.173323	0.331151	0.13825	19556.3	-0.509985	-0.999623	0	0	0	



#Generation 6 / 60
currentGen	6
evaluateCount	240
totalTime	587.674
firstFrontCount	9
frontCount	5
avgEvalTime	10.0186
#end
Var1	Var2	Var3	Var4	Var5	Var6	Obj1	Obj2	Cons1	Cons2	Cons3	
398499	245.488	0.173323	0.331151	0.794598	13771.1	-0.701863	-1.00008	0	0	0	
398499	201.147	0.41518	0.331151	0.965744	14216.6	-0.742357	-0.999904	0	0	0	
478958	245.488	0.173323	0.331151	0.796791	13771.1	-0.715399	-0.999911	0	0	0	
276472	245.488	0.142081	0.331151	0.794598	13771.1	-0.701116	-1.00023	0	0	0	
398499	245.488	0.173323	0.331151	0.794598	13771.1	-0.701863	-1.00008	0	0	0	
398499	190.53	0.173323	0.205272	0.894888	13771.1	-0.588666	-1.00023	0	0	0	
368144	208.831	0.19995	0.409886	0.965744	14216.6	-0.805693	-0.999871	0	0	0	
276472	245.488	0.142081	0.123776	0.953792	10000	-0.528226	-1.00032	0	0	0	
424802	236.879	0.046546	0.395682	0.82726	14610.3	-0.832684	-0.997586	0	0	0	
478958	236.879	0.173323	0.1	0.796791	13771.1	-0.462316	-1.00024	0	0	0	
276472	245.488	0.142081	0.438037	0.846859	16991	-0.779443	-0.999739	0	0	0	
537023	160.286	0.173323	0.331151	0.745015	13771.1	-0.619237	-1.00013	0	0	0	
398499	245.488	0.176055	0.331151	0.79467	13970.5	-0.700734	-1.00007	0	0	0	
276472	245.488	0.142081	0.438037	0.846859	16791.6	-0.779092	-0.999761	0	0	0	
499748	349.71	0.284427	0.10916	0.664788	13771.1	-0.484163	-1.00015	0	0	0	
478958	223.723	0.173323	0.121072	0.638716	20925.7	-0.464943	-1.00021	0	0	0	
385369	271.757	0.593928	0.118962	0.830921	41301.6	-0.470829	-1.00012	0	0	0	
419545	236.879	0.173323	0.224527	0.745111	13771.1	-0.607267	-1.00012	0	0	0	
786935	253.741	0.296419	0.1	0.685168	18769.9	-0.444248	-1.00018	0	0	0	
458436	245.488	0.215535	0.577449	0.796791	12150.9	-0.760207	-0.936699	0	0	0	
398499	245.488	0.207823	0.331151	0.794598	10000	-0.680205	-1.00007	0	0	0	
398499	230.869	0.351048	0.332413	0.884153	20043.9	-0.698256	-0.999889	0	0	0	
398499	160.712	0.351048	0.331151	0.884153	13771.1	-0.620059	-1.00006	0	0	0	
398499	147.311	0.403227	0.264998	0.794598	13771.1	-0.499654	-1.00006	0	0	0	
398499	349.71	0.284427	0.246038	0.794598	13771.1	-0.657728	-0.999786	0	0	0	
256518	147.311	0.365674	0.264998	0.794598	13771.1	-0.496156	-1.00009	0	0	0	
246234	86.0571	0.366383	0.264998	0.870848	16216.7	-0.434049	-1.00012	0	0	0	
478958	293.88	0.173323	0.368339	0.638716	20925.7	-0.688089	-0.999562	0	0	0	
398499	201.147	0.38981	0.431951	0.817001	14216.6	-0.635702	-0.999839	0	0	0	
256518	147.311	0.391045	0.438771	0.94334	13771.1	-0.683657	-0.999639	0	0	0	
372935	249.057	0.266997	0.1	0.60214	18576.8	-0.406312	-1.00017	0	0	0	
398709	214.751	0.333537	0.59925	0.794598	13771.1	-0.68584	-0.990187	0	0	0	
638003	214.709	0.678255	0.244168	0.406727	41762.8	-0.290939	-1.00015	0	0	0	
246606	190.978	0.436745	0.418258	0.883875	35404.9	-0.679335	-0.999604	0	0	0	
398499	228.868	0.311222	0.331151	0.714081	13771.1	-0.576943	-1.00005	0	0	0	
574272	26.6571	0.359732	1.48425	0.377441	19215.3	-0.379615	-1.00008	0	0	0	
478958	191.941	0.291485	0.331151	0.776971	13771.1	-0.607086	-1	0	0	0	
563470	171.861	0.38578	0.236898	0.402323	33715.1	-0.374589	-1.00015	0	0	0	
431636	26.6571	0.359732	1.26934	0.444257	18618.1	-0.379055	-1.00012	0	0	0	
542053	26.6571	0.342268	1.35904	0.377441	18177.6	-0.379217	-1.0001	0	0	0	



#Generation 7 / 60
currentGen	7
evaluateCount	280
totalTime	700.771
firstFrontCount	11
frontCount	4
avgEvalTime	9.35433
#end
Var1	Var2	Var3	Var4	Var5	Var6	Obj1	Obj2	Cons1	Cons2	Cons3	
398499	245.488	0.173323	0.331151	0.794598	13771.1	-0.701863	-1.00008	0	0	0	
276472	245.488	0.142081	0.331151	0.794598	13771.1	-0.701116	-1.00023	0	0	0	
398499	245.488	0.173323	0.331151	0.794598	13771.1	-0.701863	-1.00008	0	0	0	
368144	208.831	0.19995	0.409886	0.965744	14216.6	-0.805693	-0.999871	0	0	0	
276472	245.488	0.142081	0.123776	0.953792	10000	-0.528226	-1.00032	0	0	0	
424802	236.879	0.046546	0.395682	0.82726	14610.3	-0.832684	-0.997586	0	0	0	
398499	238.381	0.162623	0.331151	0.84603	13771.1	-0.726762	-1.00007	0	0	0	
240780	190.53	0.173323	0.259351	0.894888	13771.1	-0.623961	-1.00023	0	0	0	
276472	227.72	0.142081	0.120859	0.667362	21647.6	-0.472948	-1.00079	0	0	0	
398499	281.165	0.552655	0.224883	0.999291	13891	-0.780833	-1	0	0	0	
276472	245.488	0.142081	0.331151	0.794598	14096.7	-0.701604	-1.00021	0	0	0	
398499	201.147	0.41518	0.331151	0.965744	14216.6	-0.742357	-0.999904	0	0	0	
478958	245.488	0.173323	0.331151	0.796791	13771.1	-0.715399	-0.999911	0	0	0	
398499	190.53	0.173323	0.205272	0.894888	13771.1	-0.588666	-1.00023	0	0	0	
276472	245.488	0.142081	0.438037	0.846859	16991	-0.779443	-0.999739	0	0	0	
537023	160.286	0.173323	0.331151	0.745015	13771.1	-0.619237	-1.00013	0	0	0	
398499	245.488	0.176055	0.331151	0.79467	13970.5	-0.700734	-1.00007	0	0	0	
276472	245.488	0.142081	0.438037	0.846859	16791.6	-0.779092	-0.999761	0	0	0	
485009	160.649	0.173323	0.378049	0.791482	10000	-0.6539	-1.00012	0	0	0	
497557	253.741	0.296419	0.414283	0.927291	18769.9	-0.831713	-0.947479	0	0	0	
398499	10	0.403227	0.264998	0.771682	16048.5	-0.187552	-1.00055	0	0	0	
359797	376.621	0.218962	0.10916	0.548465	20833.2	-0.48254	-1.00024	0	0	0	
398499	245.488	0.190163	0.331151	0.764802	10000	-0.673987	-1.00008	0	0	0	
478958	303.396	0.173323	0.287873	0.765952	10000	-0.707314	-0.999982	0	0	0	
398499	245.488	0.173323	0.232777	0.702582	13771.1	-0.603096	-1.00014	0	0	0	
478958	236.879	0.173323	0.1	0.796791	13771.1	-0.462316	-1.00024	0	0	0	
499748	349.71	0.284427	0.10916	0.664788	13771.1	-0.484163	-1.00015	0	0	0	
419545	236.879	0.173323	0.224527	0.745111	13771.1	-0.607267	-1.00012	0	0	0	
458436	245.488	0.215535	0.577449	0.796791	12150.9	-0.760207	-0.936699	0	0	0	
398499	245.488	0.207823	0.331151	0.794598	10000	-0.680205	-1.00007	0	0	0	
398499	230.869	0.351048	0.332413	0.884153	20043.9	-0.698256	-0.999889	0	0	0	
542861	233.159	0.173323	0.489586	0.748131	13771.1	-0.758999	-0.997727	0	0	0	
398499	178.52	0.198202	0.332413	0.849758	20043.9	-0.665941	-1.00008	0	0	0	
235583	147.311	0.391045	0.243819	0.828398	13500.8	-0.490627	-1.00013	0	0	0	
478958	223.723	0.173323	0.121072	0.644389	20925.7	-0.46598	-1.00021	0	0	0	
414237	147.311	0.391045	0.438771	0.94334	13771.1	-0.713118	-0.999876	0	0	0	
478958	276.763	0.173323	0.149012	0.337981	20925.7	-0.470305	-1.00017	0	0	0	
398499	253.565	0.41518	0.331151	0.926198	14216.6	-0.741329	-0.999787	0	0	0	
276472	245.488	0.040156	0.284574	0.819086	16791.6	-0.744845	-0.985842	0	0	0	
398499	197.637	0.173323	0.105572	0.843457	13771.1	-0.438043	-1.00024	0	0	0	



#Generation 8 / 60
currentGen	8
evaluateCount	320
totalTime	792.965
firstFrontCount	14
frontCount	3
avgEvalTime	8.84891
#end
Var1	Var2	Var3	Var4	Var5	Var6	Obj1	Obj2	Cons1	Cons2	Cons3	
276472	245.488	0.142081	0.331151	0.794598	13771.1	-0.701116	-1.00023	0	0	0	
368144	208.831	0.19995	0.409886	0.965744	14216.6	-0.805693	-0.999871	0	0	0	
424802	236.879	0.046546	0.395682	0.82726	14610.3	-0.832684	-0.997586	0	0	0	
240780	190.53	0.173323	0.259351	0.894888	13771.1	-0.623961	-1.00023	0	0	0	
276472	227.72	0.142081	0.120859	0.667362	21647.6	-0.472948	-1.00079	0	0	0	
398499	281.165	0.552655	0.224883	0.999291	13891	-0.780833	-1	0	0	0	
276472	245.488	0.142081	0.331151	0.794598	14096.7	-0.701604	-1.00021	0	0	0	
339978	245.488	0.142081	0.123776	0.953792	20707.8	-0.54797	-1.00062	0	0	0	
369025	319.22	0.102592	0.447491	0.926198	18011.7	-0.914879	-0.976771	0	0	0	
276472	245.488	0.142081	0.561446	0.846859	19162.3	-0.824768	-0.997876	0	0	0	
276472	245.488	0.142081	0.331151	0.794598	16126.7	-0.704576	-1.00015	0	0	0	
276472	304.128	0.142081	0.331151	0.794598	14104.6	-0.737995	-1.00009	0	0	0	
346130	245.488	0.142081	0.386849	0.772525	10000	-0.724307	-1.00013	0	0	0	
497565	303.396	0.129212	0.287873	0.765952	10000	-0.738781	-1.00003	0	0	0	
398499	245.488	0.173323	0.331151	0.794598	13771.1	-0.701863	-1.00008	0	0	0	
398499	245.488	0.173323	0.331151	0.794598	13771.1	-0.701863	-1.00008	0	0	0	
276472	245.488	0.142081	0.123776	0.953792	10000	-0.528226	-1.00032	0	0	0	
398499	238.381	0.162623	0.331151	0.84603	13771.1	-0.726762	-1.00007	0	0	0	
398499	201.147	0.41518	0.331151	0.965744	14216.6	-0.742357	-0.999904	0	0	0	
398499	190.53	0.173323	0.205272	0.894888	13771.1	-0.588666	-1.00023	0	0	0	
276472	245.488	0.142081	0.438037	0.846859	16991	-0.779443	-0.999739	0	0	0	
537023	160.286	0.173323	0.331151	0.745015	13771.1	-0.619237	-1.00013	0	0	0	
276472	245.488	0.142081	0.438037	0.846859	16791.6	-0.779092	-0.999761	0	0	0	
485009	160.649	0.173323	0.378049	0.791482	10000	-0.6539	-1.00012	0	0	0	
497557	253.741	0.296419	0.414283	0.927291	18769.9	-0.831713	-0.947479	0	0	0	
398499	10	0.403227	0.264998	0.771682	16048.5	-0.187552	-1.00055	0	0	0	
398499	245.488	0.173323	0.232777	0.702582	13771.1	-0.603096	-1.00014	0	0	0	
400388	263.071	0.071865	0.395682	0.71627	17674.6	-0.802592	-0.997827	0	0	0	
398499	10	0.403227	0.264998	0.771682	16048.5	-0.187552	-1.00055	0	0	0	
392081	223.59	0.190163	0.337212	0.800211	10000	-0.677983	-1.0001	0	0	0	
286001	245.488	0.142081	0.557353	0.768471	14096.7	-0.774998	-0.999624	0	0	0	
359797	376.621	0.218962	0.10916	0.548465	20833.2	-0.48254	-1.00024	0	0	0	
419545	236.879	0.173323	0.224527	0.745111	13771.1	-0.607267	-1.00012	0	0	0	
276472	245.488	0.175612	0.261118	0.970374	16991	-0.726211	-1	0	0	0	
398499	120.528	0.173323	0.331151	0.794598	12860.7	-0.563185	-1.0002	0	0	0	
398499	317.279	0.323648	0.244514	0.914258	14033.5	-0.727394	-0.999832	0	0	0	
398499	159.013	0.173323	0.404998	0.824457	16723.9	-0.676202	-1.00008	0	0	0	
349683	245.488	0.0673322	0.331151	0.770861	15683.2	-0.757428	-0.999736	0	0	0	
359797	135.105	0.176483	0.256412	0.729363	14641.3	-0.515594	-1.00021	0	0	0	
398499	245.488	0.176055	0.331151	0.79467	13970.5	-0.700734	-1.00007	0	0	0	



#Generation 9 / 60
currentGen	9
evaluateCount	360
totalTime	880.919
firstFrontCount	13
frontCount	3
avgEvalTime	8.14108
#end
Var1	Var2	Var3	Var4	Var5	Var6	Obj1	Obj2	Cons1	Cons2	Cons3	
276472	245.488	0.142081	0.331151	0.794598	13771.1	-0.701116	-1.00023	0	0	0	
368144	208.831	0.19995	0.409886	0.965744	14216.6	-0.805693	-0.999871	0	0	0	
240780	190.53	0.173323	0.259351	0.894888	13771.1	-0.623961	-1.00023	0	0	0	
398499	281.165	0.552655	0.224883	0.999291	13891	-0.780833	-1	0	0	0	
276472	245.488	0.142081	0.331151	0.794598	14096.7	-0.701604	-1.00021	0	0	0	
339978	245.488	0.142081	0.123776	0.953792	20707.8	-0.54797	-1.00062	0	0	0	
369025	319.22	0.102592	0.447491	0.926198	18011.7	-0.914879	-0.976771	0	0	0	
276472	304.128	0.142081	0.331151	0.794598	14104.6	-0.737995	-1.00009	0	0	0	
497565	303.396	0.129212	0.287873	0.765952	10000	-0.738781	-1.00003	0	0	0	
398499	146.673	0.162623	0.416853	0.960389	13771.1	-0.725881	-1.00016	0	0	0	
276472	227.72	0.142081	0.120859	0.834602	21647.6	-0.499995	-1.00101	0	0	0	
369025	319.22	0.0721898	0.409518	0.926198	18011.7	-0.912052	-0.983829	0	0	0	
266062	300.092	0.157552	0.447491	0.902716	14593.4	-0.8368	-0.99971	0	0	0	
424802	236.879	0.046546	0.395682	0.82726	14610.3	-0.832684	-0.997586	0	0	0	
276472	227.72	0.142081	0.120859	0.667362	21647.6	-0.472948	-1.00079	0	0	0	
276472	245.488	0.142081	0.561446	0.846859	19162.3	-0.824768	-0.997876	0	0	0	
276472	245.488	0.142081	0.331151	0.794598	16126.7	-0.704576	-1.00015	0	0	0	
346130	245.488	0.142081	0.386849	0.772525	10000	-0.724307	-1.00013	0	0	0	
276472	245.488	0.142081	0.123776	0.953792	10000	-0.528226	-1.00032	0	0	0	
398499	238.381	0.162623	0.331151	0.84603	13771.1	-0.726762	-1.00007	0	0	0	
398499	190.53	0.173323	0.205272	0.894888	13771.1	-0.588666	-1.00023	0	0	0	
514949	319.22	0.102592	0.361789	0.926198	22184.7	-0.913283	-0.952794	0	0	0	
276472	283.137	0.117645	0.421214	0.794598	13769.5	-0.781735	-0.99985	0	0	0	
281237	225.095	0.224452	0.26134	0.771682	16048.5	-0.600192	-1.0002	0	0	0	
276472	245.488	0.142081	0.561446	0.846859	19162.3	-0.824768	-0.997876	0	0	0	
352064	182.403	0.194151	0.409886	1	14216.6	-0.792676	-0.999775	0	0	0	
276472	245.488	0.142081	0.443047	0.794598	14030.3	-0.750906	-0.999997	0	0	0	
256598	245.488	0.142081	0.436635	0.925474	18548.5	-0.820176	-0.999573	0	0	0	
276472	245.488	0.142081	0.561446	0.846859	19162.3	-0.824768	-0.997876	0	0	0	
276472	245.488	0.142081	0.561446	0.846859	19162.3	-0.824768	-0.997876	0	0	0	
358041	10	0.406236	0.270343	0.894888	15905.4	-0.190646	-1.00069	0	0	0	
497557	253.741	0.296419	0.414283	0.927291	18769.9	-0.831713	-0.947479	0	0	0	
379435	245.488	0.142081	0.438037	0.870341	18473.9	-0.815738	-0.999571	0	0	0	
276472	227.72	0.142081	0.12253	0.584972	21647.6	-0.462996	-1.00069	0	0	0	
276472	217.895	0.142081	0.331151	0.794598	13837.6	-0.679967	-1.00014	0	0	0	
398499	120.528	0.173323	0.331151	0.794598	12860.7	-0.563185	-1.0002	0	0	0	
379269	245.488	0.186382	0.1	0.992886	13835.9	-0.498797	-1.00024	0	0	0	
387373	208.831	0.186891	0.208511	0.67544	14151.8	-0.540061	-1.00022	0	0	0	
276472	304.128	0.168698	0.331151	0.794598	14236.4	-0.722306	-1.00011	0	0	0	
276472	245.488	0.142081	0.438037	0.846859	16991	-0.779443	-0.999739	0	0	0	



#Generation 10 / 60
currentGen	10
evaluateCount	400
totalTime	993.157
firstFrontCount	18
frontCount	3
avgEvalTime	10.0316
#end
Var1	Var2	Var3	Var4	Var5	Var6	Obj1	Obj2	Cons1	Cons2	Cons3	
276472	245.488	0.142081	0.331151	0.794598	13771.1	-0.701116	-1.00023	0	0	0	
368144	208.831	0.19995	0.409886	0.965744	14216.6	-0.805693	-0.999871	0	0	0	
240780	190.53	0.173323	0.259351	0.894888	13771.1	-0.623961	-1.00023	0	0	0	
398499	281.165	0.552655	0.224883	0.999291	13891	-0.780833	-1	0	0	0	
276472	245.488	0.142081	0.331151	0.794598	14096.7	-0.701604	-1.00021	0	0	0	
369025	319.22	0.102592	0.447491	0.926198	18011.7	-0.914879	-0.976771	0	0	0	
276472	304.128	0.142081	0.331151	0.794598	14104.6	-0.737995	-1.00009	0	0	0	
497565	303.396	0.129212	0.287873	0.765952	10000	-0.738781	-1.00003	0	0	0	
369025	319.22	0.0721898	0.409518	0.926198	18011.7	-0.912052	-0.983829	0	0	0	
266062	300.092	0.157552	0.447491	0.902716	14593.4	-0.8368	-0.99971	0	0	0	
398499	146.673	0.131409	0.264841	0.960389	15381.8	-0.611867	-1.00033	0	0	0	
368144	367.243	0.148737	0.327805	0.965128	14216.6	-0.888594	-0.999543	0	0	0	
276472	227.72	0.142081	0.120859	0.989303	21647.6	-0.528024	-1.00126	0	0	0	
276472	248.308	0.11395	0.332762	0.823863	13771.1	-0.729881	-1.00019	0	0	0	
369025	319.22	0.118596	0.447491	1	18011.7	-0.958611	-0.962394	0	0	0	
369025	270.409	0.102592	0.447491	0.926198	11340.3	-0.869728	-0.999679	0	0	0	
276472	245.488	0.14044	0.58373	0.961122	19162.3	-0.906993	-0.995759	0	0	0	
264265	110.827	0.142081	0.398632	0.834602	21647.6	-0.602955	-1.00112	0	0	0	
339978	245.488	0.142081	0.123776	0.953792	20707.8	-0.54797	-1.00062	0	0	0	
398499	146.673	0.162623	0.416853	0.960389	13771.1	-0.725881	-1.00016	0	0	0	
276472	227.72	0.142081	0.120859	0.834602	21647.6	-0.499995	-1.00101	0	0	0	
398499	238.381	0.162623	0.331151	0.84603	13771.1	-0.726762	-1.00007	0	0	0	
398499	190.53	0.173323	0.205272	0.894888	13771.1	-0.588666	-1.00023	0	0	0	
514949	319.22	0.102592	0.361789	0.926198	22184.7	-0.913283	-0.952794	0	0	0	
276472	283.137	0.117645	0.421214	0.794598	13769.5	-0.781735	-0.99985	0	0	0	
281237	225.095	0.224452	0.26134	0.771682	16048.5	-0.600192	-1.0002	0	0	0	
352064	182.403	0.194151	0.409886	1	14216.6	-0.792676	-0.999775	0	0	0	
276472	245.488	0.142081	0.443047	0.794598	14030.3	-0.750906	-0.999997	0	0	0	
296043	281.165	0.552655	0.35621	1	12887.2	-0.875987	-0.999413	0	0	0	
256598	245.488	0.145845	0.441672	0.925474	18548.5	-0.821328	-0.999614	0	0	0	
409835	255.772	0.129212	0.470332	0.765952	10000	-0.78213	-0.999806	0	0	0	
514949	316.356	0.114513	0.34288	0.926198	13069	-0.887003	-0.999191	0	0	0	
276472	326.642	0.142081	0.12253	0.584972	21647.6	-0.525186	-1.00067	0	0	0	
350800	300.092	0.198628	0.405839	0.871635	15003.7	-0.802696	-0.999714	0	0	0	
357554	190.53	0.173323	0.205272	1	13771.1	-0.617952	-1.00017	0	0	0	
271214	319.22	0.229863	0.494656	0.933461	19001.1	-0.877131	-0.975419	0	0	0	
276472	227.72	0.126077	0.120859	0.61861	21647.6	-0.472567	-1.00087	0	0	0	
369025	319.22	0.0716605	0.327885	0.926198	18011.7	-0.864376	-0.997298	0	0	0	
398499	120.528	0.173323	0.331151	0.794598	12860.7	-0.563185	-1.0002	0	0	0	
276472	245.488	0.142081	0.331151	0.794598	16126.7	-0.704576	-1.00015	0	0	0	



#Generation 11 / 60
currentGen	11
evaluateCount	440
totalTime	1073.43
firstFrontCount	21
frontCount	3
avgEvalTime	7.86366
#end
Var1	Var2	Var3	Var4	Var5	Var6	Obj1	Obj2	Cons1	Cons2	Cons3	
276472	245.488	0.142081	0.331151	0.794598	13771.1	-0.701116	-1.00023	0	0	0	
398499	281.165	0.552655	0.224883	0.999291	13891	-0.780833	-1	0	0	0	
276472	245.488	0.142081	0.331151	0.794598	14096.7	-0.701604	-1.00021	0	0	0	
369025	319.22	0.102592	0.447491	0.926198	18011.7	-0.914879	-0.976771	0	0	0	
369025	319.22	0.0721898	0.409518	0.926198	18011.7	-0.912052	-0.983829	0	0	0	
266062	300.092	0.157552	0.447491	0.902716	14593.4	-0.8368	-0.99971	0	0	0	
368144	367.243	0.148737	0.327805	0.965128	14216.6	-0.888594	-0.999543	0	0	0	
276472	227.72	0.142081	0.120859	0.989303	21647.6	-0.528024	-1.00126	0	0	0	
276472	248.308	0.11395	0.332762	0.823863	13771.1	-0.729881	-1.00019	0	0	0	
369025	319.22	0.118596	0.447491	1	18011.7	-0.958611	-0.962394	0	0	0	
276472	245.488	0.14044	0.58373	0.961122	19162.3	-0.906993	-0.995759	0	0	0	
264265	110.827	0.142081	0.398632	0.834602	21647.6	-0.602955	-1.00112	0	0	0	
368144	321.557	0.146753	0.327805	0.922229	15248.3	-0.831732	-0.999852	0	0	0	
292910	296.173	0.176707	0.264521	0.863541	13920.8	-0.711862	-1.0002	0	0	0	
356940	367.243	0.187631	0.363312	0.965128	10000	-0.901126	-0.999291	0	0	0	
363268	182.403	0.155258	0.390224	1	10532.4	-0.772647	-1.00014	0	0	0	
369025	319.22	0.149105	0.312512	0.926198	16213.9	-0.823952	-0.999898	0	0	0	
325517	172.011	0.204576	0.447491	0.966097	19487.3	-0.781058	-0.999899	0	0	0	
276472	89.4679	0.148216	0.307043	0.989303	21529.5	-0.528463	-1.00116	0	0	0	
276472	386.477	0.142081	0.331151	0.98053	14104.6	-0.884726	-0.999707	0	0	0	
341837	281.165	0.060659	0.184796	0.914847	13891	-0.677708	-1.00079	0	0	0	
368144	208.831	0.19995	0.409886	0.965744	14216.6	-0.805693	-0.999871	0	0	0	
276472	304.128	0.142081	0.331151	0.794598	14104.6	-0.737995	-1.00009	0	0	0	
398499	146.673	0.131409	0.264841	0.960389	15381.8	-0.611867	-1.00033	0	0	0	
369025	270.409	0.102592	0.447491	0.926198	11340.3	-0.869728	-0.999679	0	0	0	
398499	146.673	0.162623	0.416853	0.960389	13771.1	-0.725881	-1.00016	0	0	0	
276472	227.72	0.142081	0.120859	0.834602	21647.6	-0.499995	-1.00101	0	0	0	
514949	319.22	0.102592	0.361789	0.926198	22184.7	-0.913283	-0.952794	0	0	0	
296043	281.165	0.552655	0.35621	1	12887.2	-0.875987	-0.999413	0	0	0	
514949	316.356	0.114513	0.34288	0.926198	13069	-0.887003	-0.999191	0	0	0	
514949	235.124	0.114513	0.178026	0.973487	10000	-0.644523	-1.00025	0	0	0	
240780	169.404	0.173323	0.404447	0.825945	12208.7	-0.66217	-1.00024	0	0	0	
368144	367.243	0.102225	0.327805	0.965128	16087.6	-0.897603	-0.998842	0	0	0	
357554	192.326	0.238738	0.346833	1	10000	-0.758173	-1.00004	0	0	0	
368144	367.243	0.148737	0.327805	0.80104	13047.7	-0.780914	-0.999872	0	0	0	
369025	319.22	0.0721898	0.409518	0.926198	22069.9	-0.914036	-0.949608	0	0	0	
334922	319.22	0.0721898	0.1	0.877088	18011.7	-0.554499	-1.00092	0	0	0	
357318	110.827	0.142081	0.398632	0.757219	23890.3	-0.593238	-1.00085	0	0	0	
369025	270.409	0.102592	0.447491	0.926198	14958.4	-0.877231	-0.998927	0	0	0	
276472	227.72	0.126077	0.120859	0.61861	21647.6	-0.472567	-1.00087	0	0	0	



#Generation 12 / 60
currentGen	12
evaluateCount	480
totalTime	1164.32
firstFrontCount	18
frontCount	3
avgEvalTime	8.79224
#end
Var1	Var2	Var3	Var4	Var5	Var6	Obj1	Obj2	Cons1	Cons2	Cons3	
276472	245.488	0.142081	0.331151	0.794598	13771.1	-0.701116	-1.00023	0	0	0	
398499	281.165	0.552655	0.224883	0.999291	13891	-0.780833	-1	0	0	0	
276472	245.488	0.142081	0.331151	0.794598	14096.7	-0.701604	-1.00021	0	0	0	
266062	300.092	0.157552	0.447491	0.902716	14593.4	-0.8368	-0.99971	0	0	0	
368144	367.243	0.148737	0.327805	0.965128	14216.6	-0.888594	-0.999543	0	0	0	
276472	248.308	0.11395	0.332762	0.823863	13771.1	-0.729881	-1.00019	0	0	0	
369025	319.22	0.118596	0.447491	1	18011.7	-0.958611	-0.962394	0	0	0	
276472	245.488	0.14044	0.58373	0.961122	19162.3	-0.906993	-0.995759	0	0	0	
368144	321.557	0.146753	0.327805	0.922229	15248.3	-0.831732	-0.999852	0	0	0	
292910	296.173	0.176707	0.264521	0.863541	13920.8	-0.711862	-1.0002	0	0	0	
356940	367.243	0.187631	0.363312	0.965128	10000	-0.901126	-0.999291	0	0	0	
363268	182.403	0.155258	0.390224	1	10532.4	-0.772647	-1.00014	0	0	0	
369025	319.22	0.149105	0.312512	0.926198	16213.9	-0.823952	-0.999898	0	0	0	
276472	386.477	0.142081	0.331151	0.98053	14104.6	-0.884726	-0.999707	0	0	0	
288191	245.488	0.148661	0.58373	0.964926	21707.3	-0.917305	-0.991453	0	0	0	
276472	137.192	0.148216	0.368967	0.992307	21529.5	-0.685413	-1.00128	0	0	0	
504997	223.292	0.107046	0.333673	0.966985	10000	-0.798448	-0.999992	0	0	0	
398499	219.264	0.118977	0.320633	0.999291	13222	-0.779577	-1.00009	0	0	0	
369025	319.22	0.102592	0.447491	0.926198	18011.7	-0.914879	-0.976771	0	0	0	
369025	319.22	0.0721898	0.409518	0.926198	18011.7	-0.912052	-0.983829	0	0	0	
276472	227.72	0.142081	0.120859	0.989303	21647.6	-0.528024	-1.00126	0	0	0	
264265	110.827	0.142081	0.398632	0.834602	21647.6	-0.602955	-1.00112	0	0	0	
325517	172.011	0.204576	0.447491	0.966097	19487.3	-0.781058	-0.999899	0	0	0	
276472	89.4679	0.148216	0.307043	0.989303	21529.5	-0.528463	-1.00116	0	0	0	
341837	281.165	0.060659	0.184796	0.914847	13891	-0.677708	-1.00079	0	0	0	
368144	208.831	0.19995	0.409886	0.965744	14216.6	-0.805693	-0.999871	0	0	0	
369025	270.409	0.102592	0.447491	0.926198	11340.3	-0.869728	-0.999679	0	0	0	
398499	146.673	0.162623	0.416853	0.960389	13771.1	-0.725881	-1.00016	0	0	0	
296043	281.165	0.552655	0.35621	1	12887.2	-0.875987	-0.999413	0	0	0	
514949	316.356	0.114513	0.34288	0.926198	13069	-0.887003	-0.999191	0	0	0	
368144	367.243	0.102225	0.327805	0.965128	16087.6	-0.897603	-0.998842	0	0	0	
264642	172.011	0.204576	0.447491	0.966097	13725.2	-0.757544	-1.00012	0	0	0	
369025	324.58	0.131588	0.447491	0.956505	19339	-0.927817	-0.953525	0	0	0	
351305	308.933	0.182068	0.363312	0.965128	16840.3	-0.871075	-0.999558	0	0	0	
257919	321.557	0.143009	0.327805	1	18843.7	-0.861484	-0.999701	0	0	0	
500029	169.571	0.195852	0.447491	0.966097	19487.3	-0.817693	-0.999787	0	0	0	
339528	419.978	0.146072	0.212633	0.882355	10000	-0.759104	-1.00008	0	0	0	
276472	89.4679	0.135225	0.307043	0.989303	20202.1	-0.526849	-1.00117	0	0	0	
369025	319.22	0.0721898	0.409518	0.926198	22069.9	-0.914036	-0.949608	0	0	0	
277451	319.22	0.102592	0.447491	0.926198	18011.7	-0.891888	-0.994677	0	0	0	



#Generation 13 / 60
currentGen	13
evaluateCount	520
totalTime	1248.25
firstFrontCount	18
frontCount	2
avgEvalTime	8.19231
#end
Var1	Var2	Var3	Var4	Var5	Var6	Obj1	Obj2	Cons1	Cons2	Cons3	
369025	319.22	0.118596	0.447491	1	18011.7	-0.958611	-0.962394	0	0	0	
368144	321.557	0.146753	0.327805	0.922229	15248.3	-0.831732	-0.999852	0	0	0	
363268	182.403	0.155258	0.390224	1	10532.4	-0.772647	-1.00014	0	0	0	
369025	319.22	0.149105	0.312512	0.926198	16213.9	-0.823952	-0.999898	0	0	0	
276472	386.477	0.142081	0.331151	0.98053	14104.6	-0.884726	-0.999707	0	0	0	
276472	137.192	0.148216	0.368967	0.992307	21529.5	-0.685413	-1.00128	0	0	0	
504997	223.292	0.107046	0.333673	0.966985	10000	-0.798448	-0.999992	0	0	0	
398499	219.264	0.118977	0.320633	0.999291	13222	-0.779577	-1.00009	0	0	0	
185669	247.39	0.149553	0.275583	0.937812	19688.4	-0.721602	-1.00113	0	0	0	
306559	342.997	0.142081	0.415648	1	14104.6	-0.935384	-0.998492	0	0	0	
290435	348.519	0.146753	0.327805	0.917158	15248.3	-0.826407	-0.999866	0	0	0	
436450	321.557	0.146753	0.328609	1	12800.7	-0.902118	-0.999658	0	0	0	
257919	325.695	0.143009	0.208989	1	18843.7	-0.756108	-1.0007	0	0	0	
369025	367.691	0.147613	0.389962	1	11869.9	-0.956181	-0.978917	0	0	0	
366440	321.557	0.146753	0.328555	0.957322	15248.3	-0.854273	-0.999804	0	0	0	
285844	219.264	0.114647	0.327638	0.999291	13222	-0.76338	-1.00024	0	0	0	
338386	319.22	0.0808857	0.312512	0.833275	11608.7	-0.795509	-1.00007	0	0	0	
367371	367.243	0.148737	0.327805	1	16754.8	-0.923311	-0.998795	0	0	0	
420448	433.798	0.142081	0.331151	0.98053	14104.6	-0.941916	-0.912633	0	0	0	
276472	227.72	0.142081	0.120859	0.989303	21647.6	-0.528024	-1.00126	0	0	0	
369025	324.58	0.131588	0.447491	0.956505	19339	-0.927817	-0.953525	0	0	0	
288191	245.488	0.148661	0.58373	0.964926	21707.3	-0.917305	-0.991453	0	0	0	
264265	110.827	0.142081	0.398632	0.834602	21647.6	-0.602955	-1.00112	0	0	0	
341837	281.165	0.060659	0.184796	0.914847	13891	-0.677708	-1.00079	0	0	0	
341837	359.362	0.060659	0.184796	0.914847	14009.4	-0.739537	-1.00036	0	0	0	
276472	89.4679	0.148216	0.307043	0.989303	21529.5	-0.528463	-1.00116	0	0	0	
278684	307.035	0.157552	0.402969	0.933015	14593.4	-0.845554	-0.999751	0	0	0	
500029	169.571	0.195852	0.447491	0.966097	19487.3	-0.817693	-0.999787	0	0	0	
356940	367.243	0.187631	0.363312	0.965128	10000	-0.901126	-0.999291	0	0	0	
276472	245.488	0.14044	0.58373	0.961122	19162.3	-0.906993	-0.995759	0	0	0	
368144	367.243	0.148737	0.327805	0.965128	14216.6	-0.888594	-0.999543	0	0	0	
368144	367.243	0.102225	0.327805	0.965128	21947.8	-0.912243	-0.994005	0	0	0	
368144	208.831	0.19995	0.409886	0.965744	14216.6	-0.805693	-0.999871	0	0	0	
368144	363.104	0.148737	0.327805	0.815049	14216.6	-0.788575	-0.999876	0	0	0	
257919	321.557	0.143009	0.327805	1	18843.7	-0.861484	-0.999701	0	0	0	
339528	419.978	0.146072	0.212633	0.882355	10000	-0.759104	-1.00008	0	0	0	
398499	281.165	0.552655	0.224883	0.999291	13891	-0.780833	-1	0	0	0	
264642	172.011	0.204576	0.447491	0.966097	13725.2	-0.757544	-1.00012	0	0	0	
351305	308.933	0.182068	0.363312	0.965128	16840.3	-0.871075	-0.999558	0	0	0	
369025	270.409	0.102592	0.447491	0.926198	11340.3	-0.869728	-0.999679	0	0	0	



#Generation 14 / 60
currentGen	14
evaluateCount	560
totalTime	1341.61
firstFrontCount	23
frontCount	2
avgEvalTime	9.18899
#end
Var1	Var2	Var3	Var4	Var5	Var6	Obj1	Obj2	Cons1	Cons2	Cons3	
369025	319.22	0.118596	0.447491	1	18011.7	-0.958611	-0.962394	0	0	0	
363268	182.403	0.155258	0.390224	1	10532.4	-0.772647	-1.00014	0	0	0	
276472	386.477	0.142081	0.331151	0.98053	14104.6	-0.884726	-0.999707	0	0	0	
276472	137.192	0.148216	0.368967	0.992307	21529.5	-0.685413	-1.00128	0	0	0	
398499	219.264	0.118977	0.320633	0.999291	13222	-0.779577	-1.00009	0	0	0	
185669	247.39	0.149553	0.275583	0.937812	19688.4	-0.721602	-1.00113	0	0	0	
306559	342.997	0.142081	0.415648	1	14104.6	-0.935384	-0.998492	0	0	0	
436450	321.557	0.146753	0.328609	1	12800.7	-0.902118	-0.999658	0	0	0	
257919	325.695	0.143009	0.208989	1	18843.7	-0.756108	-1.0007	0	0	0	
369025	367.691	0.147613	0.389962	1	11869.9	-0.956181	-0.978917	0	0	0	
367371	367.243	0.148737	0.327805	1	16754.8	-0.923311	-0.998795	0	0	0	
276472	266.227	0.235543	0.344149	0.993735	21529.5	-0.838082	-0.999913	0	0	0	
285844	219.264	0.114647	0.327638	0.999291	15061.4	-0.767027	-1.00039	0	0	0	
336590	296.692	0.146753	0.327805	1	17127	-0.859157	-0.999881	0	0	0	
363268	182.403	0.155258	0.398917	1	10532.4	-0.778457	-1.0001	0	0	0	
369025	283.443	0.135007	0.447491	1	19997.5	-0.943833	-0.993024	0	0	0	
306559	342.997	0.142081	0.415648	1	14183.6	-0.935535	-0.998459	0	0	0	
378109	342.997	0.142081	0.415648	1	14104.6	-0.957049	-0.96425	0	0	0	
257919	387.367	0.143009	0.302864	1	14399.2	-0.874356	-0.999851	0	0	0	
369025	367.691	0.147613	0.389962	1	11869.9	-0.956181	-0.978917	0	0	0	
208438	209.224	0.114647	0.481141	0.999291	13222	-0.826943	-1.00007	0	0	0	
306559	342.997	0.19177	0.415648	1	14104.6	-0.941309	-0.997164	0	0	0	
299191	321.557	0.146753	0.330662	0.990152	14903.1	-0.858507	-0.9999	0	0	0	
392851	342.997	0.142081	0.415648	1	14863.9	-0.957032	-0.938623	0	0	0	
276472	227.72	0.142081	0.1	0.991391	21558.4	-0.483082	-1.00127	0	0	0	
369025	319.22	0.118596	0.410385	0.995568	18011.7	-0.941196	-0.995114	0	0	0	
264265	110.827	0.142081	0.398632	0.834602	21647.6	-0.602955	-1.00112	0	0	0	
276472	227.72	0.142081	0.120859	1	21647.6	-0.530087	-1.00127	0	0	0	
276472	137.192	0.148216	0.400551	0.849627	27559.3	-0.663723	-1.00102	0	0	0	
276472	245.488	0.14044	0.58373	0.961122	19162.3	-0.906993	-0.995759	0	0	0	
185669	247.39	0.204508	0.285332	0.937812	19688.4	-0.719108	-1.00063	0	0	0	
341837	281.165	0.060659	0.184796	0.914847	13891	-0.677708	-1.00079	0	0	0	
285844	219.264	0.114647	0.327638	0.999291	13222	-0.76338	-1.00024	0	0	0	
341837	359.362	0.060659	0.184796	0.914847	14009.4	-0.739537	-1.00036	0	0	0	
356940	367.243	0.187631	0.363312	0.965128	10000	-0.901126	-0.999291	0	0	0	
297475	319.22	0.118596	0.447491	1	18011.7	-0.938583	-0.995356	0	0	0	
338386	319.22	0.0808857	0.312512	0.833275	11608.7	-0.795509	-1.00007	0	0	0	
369025	270.409	0.102592	0.447491	0.926198	11340.3	-0.869728	-0.999679	0	0	0	
276472	386.477	0.128581	0.331151	0.998661	14104.6	-0.896779	-0.999634	0	0	0	
368144	321.557	0.146753	0.327805	0.922229	15248.3	-0.831732	-0.999852	0	0	0	



#Generation 15 / 60
currentGen	15
evaluateCount	600
totalTime	1429.29
firstFrontCount	28
frontCount	2
avgEvalTime	8.51991
#end
Var1	Var2	Var3	Var4	Var5	Var6	Obj1	Obj2	Cons1	Cons2	Cons3	
369025	319.22	0.118596	0.447491	1	18011.7	-0.958611	-0.962394	0	0	0	
363268	182.403	0.155258	0.390224	1	10532.4	-0.772647	-1.00014	0	0	0	
276472	137.192	0.148216	0.368967	0.992307	21529.5	-0.685413	-1.00128	0	0	0	
398499	219.264	0.118977	0.320633	0.999291	13222	-0.779577	-1.00009	0	0	0	
185669	247.39	0.149553	0.275583	0.937812	19688.4	-0.721602	-1.00113	0	0	0	
306559	342.997	0.142081	0.415648	1	14104.6	-0.935384	-0.998492	0	0	0	
436450	321.557	0.146753	0.328609	1	12800.7	-0.902118	-0.999658	0	0	0	
257919	325.695	0.143009	0.208989	1	18843.7	-0.756108	-1.0007	0	0	0	
369025	367.691	0.147613	0.389962	1	11869.9	-0.956181	-0.978917	0	0	0	
367371	367.243	0.148737	0.327805	1	16754.8	-0.923311	-0.998795	0	0	0	
276472	266.227	0.235543	0.344149	0.993735	21529.5	-0.838082	-0.999913	0	0	0	
285844	219.264	0.114647	0.327638	0.999291	15061.4	-0.767027	-1.00039	0	0	0	
363268	182.403	0.155258	0.398917	1	10532.4	-0.778457	-1.0001	0	0	0	
306559	342.997	0.142081	0.415648	1	14183.6	-0.935535	-0.998459	0	0	0	
378109	342.997	0.142081	0.415648	1	14104.6	-0.957049	-0.96425	0	0	0	
257919	387.367	0.143009	0.302864	1	14399.2	-0.874356	-0.999851	0	0	0	
369025	367.691	0.147613	0.389962	1	11869.9	-0.956181	-0.978917	0	0	0	
208438	209.224	0.114647	0.481141	0.999291	13222	-0.826943	-1.00007	0	0	0	
306559	342.997	0.19177	0.415648	1	14104.6	-0.941309	-0.997164	0	0	0	
299191	321.557	0.146753	0.330662	0.990152	14903.1	-0.858507	-0.9999	0	0	0	
291177	342.997	0.151206	0.314128	1	14104.6	-0.864251	-0.999899	0	0	0	
131241	190.578	0.170761	0.369392	0.999291	13222	-0.735464	-1.0008	0	0	0	
358704	261.75	0.117617	0.587465	1	17094.7	-0.960515	-0.924151	0	0	0	
369025	337.67	0.146711	0.389962	1	14893.2	-0.943439	-0.996954	0	0	0	
276472	386.258	0.137904	0.331151	0.98053	14104.6	-0.884793	-0.999713	0	0	0	
306559	348.124	0.19177	0.415648	1	14104.6	-0.945743	-0.994036	0	0	0	
369025	323.477	0.108866	0.447491	1	19997.5	-0.959312	-0.940498	0	0	0	
276472	144.651	0.148216	0.368967	1	25615.4	-0.710991	-1.00125	0	0	0	
276472	227.72	0.142081	0.1	0.991391	21558.4	-0.483082	-1.00127	0	0	0	
392851	342.997	0.142081	0.415648	1	14863.9	-0.957032	-0.938623	0	0	0	
369025	283.443	0.135007	0.447491	1	19997.5	-0.943833	-0.993024	0	0	0	
264265	110.827	0.142081	0.398632	0.834602	21647.6	-0.602955	-1.00112	0	0	0	
276472	227.72	0.142081	0.120859	1	21647.6	-0.530087	-1.00127	0	0	0	
276472	137.192	0.148216	0.400551	0.849627	27559.3	-0.663723	-1.00102	0	0	0	
341130	283.443	0.135007	0.447491	1	20386.2	-0.933792	-0.996163	0	0	0	
185669	247.39	0.204508	0.285332	0.937812	19688.4	-0.719108	-1.00063	0	0	0	
224321	268.72	0.148436	0.389962	0.981811	12151.1	-0.825935	-1	0	0	0	
338386	319.22	0.0808857	0.312512	0.833275	11608.7	-0.795509	-1.00007	0	0	0	
337927	387.367	0.143242	0.305485	0.999829	14399.2	-0.901645	-0.999575	0	0	0	
341837	281.165	0.060659	0.184796	0.914847	13891	-0.677708	-1.00079	0	0	0	



#Generation 16 / 60
currentGen	16
evaluateCount	640
totalTime	1515.26
firstFrontCount	35
frontCount	2
avgEvalTime	8.32869
#end
Var1	Var2	Var3	Var4	Var5	Var6	Obj1	Obj2	Cons1	Cons2	Cons3	
369025	319.22	0.118596	0.447491	1	18011.7	-0.958611	-0.962394	0	0	0	
363268	182.403	0.155258	0.390224	1	10532.4	-0.772647	-1.00014	0	0	0	
276472	137.192	0.148216	0.368967	0.992307	21529.5	-0.685413	-1.00128	0	0	0	
185669	247.39	0.149553	0.275583	0.937812	19688.4	-0.721602	-1.00113	0	0	0	
306559	342.997	0.142081	0.415648	1	14104.6	-0.935384	-0.998492	0	0	0	
436450	321.557	0.146753	0.328609	1	12800.7	-0.902118	-0.999658	0	0	0	
257919	325.695	0.143009	0.208989	1	18843.7	-0.756108	-1.0007	0	0	0	
369025	367.691	0.147613	0.389962	1	11869.9	-0.956181	-0.978917	0	0	0	
367371	367.243	0.148737	0.327805	1	16754.8	-0.923311	-0.998795	0	0	0	
276472	266.227	0.235543	0.344149	0.993735	21529.5	-0.838082	-0.999913	0	0	0	
285844	219.264	0.114647	0.327638	0.999291	15061.4	-0.767027	-1.00039	0	0	0	
306559	342.997	0.142081	0.415648	1	14183.6	-0.935535	-0.998459	0	0	0	
378109	342.997	0.142081	0.415648	1	14104.6	-0.957049	-0.96425	0	0	0	
257919	387.367	0.143009	0.302864	1	14399.2	-0.874356	-0.999851	0	0	0	
369025	367.691	0.147613	0.389962	1	11869.9	-0.956181	-0.978917	0	0	0	
208438	209.224	0.114647	0.481141	0.999291	13222	-0.826943	-1.00007	0	0	0	
306559	342.997	0.19177	0.415648	1	14104.6	-0.941309	-0.997164	0	0	0	
299191	321.557	0.146753	0.330662	0.990152	14903.1	-0.858507	-0.9999	0	0	0	
291177	342.997	0.151206	0.314128	1	14104.6	-0.864251	-0.999899	0	0	0	
358704	261.75	0.117617	0.587465	1	17094.7	-0.960515	-0.924151	0	0	0	
369025	337.67	0.146711	0.389962	1	14893.2	-0.943439	-0.996954	0	0	0	
306559	348.124	0.19177	0.415648	1	14104.6	-0.945743	-0.994036	0	0	0	
369025	323.477	0.108866	0.447491	1	19997.5	-0.959312	-0.940498	0	0	0	
276472	144.651	0.148216	0.368967	1	25615.4	-0.710991	-1.00125	0	0	0	
185669	247.39	0.182739	0.285332	0.937812	19688.4	-0.722738	-1.00106	0	0	0	
369525	311.779	0.144874	0.328609	1	12800.7	-0.872206	-0.999863	0	0	0	
299191	324.373	0.139645	0.330662	1	14903.1	-0.866717	-0.999898	0	0	0	
276472	383.442	0.145012	0.331151	1	14104.6	-0.896756	-0.999673	0	0	0	
202860	219.264	0.114647	0.327638	0.999291	13443.2	-0.749127	-1.00097	0	0	0	
335344	209.224	0.114647	0.40221	0.999291	13222	-0.812298	-1.00011	0	0	0	
225427	267.452	0.149553	0.318773	0.937812	19688.4	-0.775113	-1.00012	0	0	0	
369025	367.691	0.147613	0.389962	1	11869.9	-0.956181	-0.978917	0	0	0	
392615	209.224	0.114647	0.506904	0.999762	13222	-0.887322	-0.999733	0	0	0	
112140	124.116	0.170761	0.369392	0.999291	13222.1	-0.637392	-1.00145	0	0	0	
299102	173.214	0.142081	0.415648	1	14183.6	-0.769094	-1.00021	0	0	0	
389520	237.881	0.135252	0.618499	0.999291	13588.2	-0.957264	-0.924215	0	0	0	
276472	227.72	0.142081	0.1	0.991391	21558.4	-0.483082	-1.00127	0	0	0	
367371	415.828	0.0961461	0.327805	1	22003.1	-0.954321	-0.959366	0	0	0	
369025	283.443	0.135007	0.447491	1	19997.5	-0.943833	-0.993024	0	0	0	
392851	342.997	0.142081	0.415648	1	14863.9	-0.957032	-0.938623	0	0	0	



#Generation 17 / 60
currentGen	17
evaluateCount	680
totalTime	1610.7
firstFrontCount	38
frontCount	2
avgEvalTime	8.79697
#end
Var1	Var2	Var3	Var4	Var5	Var6	Obj1	Obj2	Cons1	Cons2	Cons3	
369025	319.22	0.118596	0.447491	1	18011.7	-0.958611	-0.962394	0	0	0	
276472	137.192	0.148216	0.368967	0.992307	21529.5	-0.685413	-1.00128	0	0	0	
185669	247.39	0.149553	0.275583	0.937812	19688.4	-0.721602	-1.00113	0	0	0	
306559	342.997	0.142081	0.415648	1	14104.6	-0.935384	-0.998492	0	0	0	
436450	321.557	0.146753	0.328609	1	12800.7	-0.902118	-0.999658	0	0	0	
257919	325.695	0.143009	0.208989	1	18843.7	-0.756108	-1.0007	0	0	0	
369025	367.691	0.147613	0.389962	1	11869.9	-0.956181	-0.978917	0	0	0	
367371	367.243	0.148737	0.327805	1	16754.8	-0.923311	-0.998795	0	0	0	
276472	266.227	0.235543	0.344149	0.993735	21529.5	-0.838082	-0.999913	0	0	0	
306559	342.997	0.142081	0.415648	1	14183.6	-0.935535	-0.998459	0	0	0	
378109	342.997	0.142081	0.415648	1	14104.6	-0.957049	-0.96425	0	0	0	
257919	387.367	0.143009	0.302864	1	14399.2	-0.874356	-0.999851	0	0	0	
369025	367.691	0.147613	0.389962	1	11869.9	-0.956181	-0.978917	0	0	0	
208438	209.224	0.114647	0.481141	0.999291	13222	-0.826943	-1.00007	0	0	0	
306559	342.997	0.19177	0.415648	1	14104.6	-0.941309	-0.997164	0	0	0	
299191	321.557	0.146753	0.330662	0.990152	14903.1	-0.858507	-0.9999	0	0	0	
291177	342.997	0.151206	0.314128	1	14104.6	-0.864251	-0.999899	0	0	0	
358704	261.75	0.117617	0.587465	1	17094.7	-0.960515	-0.924151	0	0	0	
369025	337.67	0.146711	0.389962	1	14893.2	-0.943439	-0.996954	0	0	0	
306559	348.124	0.19177	0.415648	1	14104.6	-0.945743	-0.994036	0	0	0	
369025	323.477	0.108866	0.447491	1	19997.5	-0.959312	-0.940498	0	0	0	
276472	144.651	0.148216	0.368967	1	25615.4	-0.710991	-1.00125	0	0	0	
185669	247.39	0.182739	0.285332	0.937812	19688.4	-0.722738	-1.00106	0	0	0	
369525	311.779	0.144874	0.328609	1	12800.7	-0.872206	-0.999863	0	0	0	
299191	324.373	0.139645	0.330662	1	14903.1	-0.866717	-0.999898	0	0	0	
276472	383.442	0.145012	0.331151	1	14104.6	-0.896756	-0.999673	0	0	0	
202860	219.264	0.114647	0.327638	0.999291	13443.2	-0.749127	-1.00097	0	0	0	
335344	209.224	0.114647	0.40221	0.999291	13222	-0.812298	-1.00011	0	0	0	
369025	367.691	0.147613	0.389962	1	11869.9	-0.956181	-0.978917	0	0	0	
392615	209.224	0.114647	0.506904	0.999762	13222	-0.887322	-0.999733	0	0	0	
335344	329.456	0.114647	0.40221	0.999357	13222	-0.922628	-0.999129	0	0	0	
369025	367.691	0.147613	0.389962	1	12036.5	-0.956213	-0.978215	0	0	0	
251337	348.124	0.19177	0.415648	1	14104.6	-0.921099	-0.999245	0	0	0	
468689	321.557	0.104538	0.328609	1	12800.7	-0.90824	-0.999458	0	0	0	
305445	322.883	0.108866	0.447491	1	19997.5	-0.947135	-0.986929	0	0	0	
378109	342.997	0.131108	0.314005	1	13273.2	-0.886643	-0.999771	0	0	0	
112140	135.98	0.170761	0.369391	0.999291	14685.1	-0.664538	-1.00162	0	0	0	
202860	265.793	0.114647	0.327638	0.999542	15486.7	-0.799181	-1.00066	0	0	0	
112140	124.116	0.170761	0.293834	0.995329	13222.1	-0.581324	-1.0015	0	0	0	
389520	237.881	0.135252	0.618499	0.999291	13588.2	-0.957264	-0.924215	0	0	0	



#Generation 18 / 60
currentGen	18
evaluateCount	720
totalTime	1700.68
firstFrontCount	35
frontCount	2
avgEvalTime	8.74157
#end
Var1	Var2	Var3	Var4	Var5	Var6	Obj1	Obj2	Cons1	Cons2	Cons3	
369025	319.22	0.118596	0.447491	1	18011.7	-0.958611	-0.962394	0	0	0	
276472	137.192	0.148216	0.368967	0.992307	21529.5	-0.685413	-1.00128	0	0	0	
185669	247.39	0.149553	0.275583	0.937812	19688.4	-0.721602	-1.00113	0	0	0	
306559	342.997	0.142081	0.415648	1	14104.6	-0.935384	-0.998492	0	0	0	
436450	321.557	0.146753	0.328609	1	12800.7	-0.902118	-0.999658	0	0	0	
257919	325.695	0.143009	0.208989	1	18843.7	-0.756108	-1.0007	0	0	0	
367371	367.243	0.148737	0.327805	1	16754.8	-0.923311	-0.998795	0	0	0	
276472	266.227	0.235543	0.344149	0.993735	21529.5	-0.838082	-0.999913	0	0	0	
306559	342.997	0.142081	0.415648	1	14183.6	-0.935535	-0.998459	0	0	0	
257919	387.367	0.143009	0.302864	1	14399.2	-0.874356	-0.999851	0	0	0	
208438	209.224	0.114647	0.481141	0.999291	13222	-0.826943	-1.00007	0	0	0	
306559	342.997	0.19177	0.415648	1	14104.6	-0.941309	-0.997164	0	0	0	
299191	321.557	0.146753	0.330662	0.990152	14903.1	-0.858507	-0.9999	0	0	0	
291177	342.997	0.151206	0.314128	1	14104.6	-0.864251	-0.999899	0	0	0	
358704	261.75	0.117617	0.587465	1	17094.7	-0.960515	-0.924151	0	0	0	
369025	337.67	0.146711	0.389962	1	14893.2	-0.943439	-0.996954	0	0	0	
306559	348.124	0.19177	0.415648	1	14104.6	-0.945743	-0.994036	0	0	0	
369025	323.477	0.108866	0.447491	1	19997.5	-0.959312	-0.940498	0	0	0	
276472	144.651	0.148216	0.368967	1	25615.4	-0.710991	-1.00125	0	0	0	
185669	247.39	0.182739	0.285332	0.937812	19688.4	-0.722738	-1.00106	0	0	0	
369525	311.779	0.144874	0.328609	1	12800.7	-0.872206	-0.999863	0	0	0	
299191	324.373	0.139645	0.330662	1	14903.1	-0.866717	-0.999898	0	0	0	
276472	383.442	0.145012	0.331151	1	14104.6	-0.896756	-0.999673	0	0	0	
202860	219.264	0.114647	0.327638	0.999291	13443.2	-0.749127	-1.00097	0	0	0	
392615	209.224	0.114647	0.506904	0.999762	13222	-0.887322	-0.999733	0	0	0	
335344	329.456	0.114647	0.40221	0.999357	13222	-0.922628	-0.999129	0	0	0	
251337	348.124	0.19177	0.415648	1	14104.6	-0.921099	-0.999245	0	0	0	
468689	321.557	0.104538	0.328609	1	12800.7	-0.90824	-0.999458	0	0	0	
305445	322.883	0.108866	0.447491	1	19997.5	-0.947135	-0.986929	0	0	0	
378109	342.997	0.131108	0.314005	1	13273.2	-0.886643	-0.999771	0	0	0	
112140	135.98	0.170761	0.369391	0.999291	14685.1	-0.664538	-1.00162	0	0	0	
202860	265.793	0.114647	0.327638	0.999542	15486.7	-0.799181	-1.00066	0	0	0	
367371	367.243	0.126415	0.386313	1	15531.4	-0.957368	-0.980902	0	0	0	
360582	367.691	0.147613	0.389962	1	11869.9	-0.955076	-0.985871	0	0	0	
202860	249.344	0.114647	0.384368	0.999397	13596.2	-0.815987	-1.00025	0	0	0	
389520	237.881	0.135252	0.618499	0.999291	13588.2	-0.957264	-0.924215	0	0	0	
112140	124.116	0.170761	0.293834	0.995329	13222.1	-0.581324	-1.0015	0	0	0	
378109	342.997	0.142081	0.415648	1	14104.6	-0.957049	-0.96425	0	0	0	
260390	116.771	0.148216	0.410713	1	19090	-0.667333	-1.0011	0	0	0	
202860	265.793	0.114647	0.330151	0.999542	11646.6	-0.79134	-1.00045	0	0	0	



#Generation 19 / 60
currentGen	19
evaluateCount	760
totalTime	1790.61
firstFrontCount	39
frontCount	2
avgEvalTime	8.48236
#end
Var1	Var2	Var3	Var4	Var5	Var6	Obj1	Obj2	Cons1	Cons2	Cons3	
369025	319.22	0.118596	0.447491	1	18011.7	-0.958611	-0.962394	0	0	0	
276472	137.192	0.148216	0.368967	0.992307	21529.5	-0.685413	-1.00128	0	0	0	
306559	342.997	0.142081	0.415648	1	14104.6	-0.935384	-0.998492	0	0	0	
436450	321.557	0.146753	0.328609	1	12800.7	-0.902118	-0.999658	0	0	0	
257919	325.695	0.143009	0.208989	1	18843.7	-0.756108	-1.0007	0	0	0	
367371	367.243	0.148737	0.327805	1	16754.8	-0.923311	-0.998795	0	0	0	
276472	266.227	0.235543	0.344149	0.993735	21529.5	-0.838082	-0.999913	0	0	0	
306559	342.997	0.142081	0.415648	1	14183.6	-0.935535	-0.998459	0	0	0	
257919	387.367	0.143009	0.302864	1	14399.2	-0.874356	-0.999851	0	0	0	
208438	209.224	0.114647	0.481141	0.999291	13222	-0.826943	-1.00007	0	0	0	
299191	321.557	0.146753	0.330662	0.990152	14903.1	-0.858507	-0.9999	0	0	0	
291177	342.997	0.151206	0.314128	1	14104.6	-0.864251	-0.999899	0	0	0	
358704	261.75	0.117617	0.587465	1	17094.7	-0.960515	-0.924151	0	0	0	
369025	337.67	0.146711	0.389962	1	14893.2	-0.943439	-0.996954	0	0	0	
306559	348.124	0.19177	0.415648	1	14104.6	-0.945743	-0.994036	0	0	0	
369025	323.477	0.108866	0.447491	1	19997.5	-0.959312	-0.940498	0	0	0	
276472	144.651	0.148216	0.368967	1	25615.4	-0.710991	-1.00125	0	0	0	
369525	311.779	0.144874	0.328609	1	12800.7	-0.872206	-0.999863	0	0	0	
299191	324.373	0.139645	0.330662	1	14903.1	-0.866717	-0.999898	0	0	0	
276472	383.442	0.145012	0.331151	1	14104.6	-0.896756	-0.999673	0	0	0	
202860	219.264	0.114647	0.327638	0.999291	13443.2	-0.749127	-1.00097	0	0	0	
392615	209.224	0.114647	0.506904	0.999762	13222	-0.887322	-0.999733	0	0	0	
335344	329.456	0.114647	0.40221	0.999357	13222	-0.922628	-0.999129	0	0	0	
251337	348.124	0.19177	0.415648	1	14104.6	-0.921099	-0.999245	0	0	0	
468689	321.557	0.104538	0.328609	1	12800.7	-0.90824	-0.999458	0	0	0	
305445	322.883	0.108866	0.447491	1	19997.5	-0.947135	-0.986929	0	0	0	
378109	342.997	0.131108	0.314005	1	13273.2	-0.886643	-0.999771	0	0	0	
112140	135.98	0.170761	0.369391	0.999291	14685.1	-0.664538	-1.00162	0	0	0	
202860	265.793	0.114647	0.327638	0.999542	15486.7	-0.799181	-1.00066	0	0	0	
367371	367.243	0.126415	0.386313	1	15531.4	-0.957368	-0.980902	0	0	0	
360582	367.691	0.147613	0.389962	1	11869.9	-0.955076	-0.985871	0	0	0	
202860	249.344	0.114647	0.384368	0.999397	13596.2	-0.815987	-1.00025	0	0	0	
436450	321.557	0.146753	0.328609	1	12800.7	-0.902118	-0.999658	0	0	0	
279321	342.997	0.19177	0.329426	1	14104.6	-0.875579	-0.999806	0	0	0	
356384	321.557	0.117042	0.511531	1	13284.7	-0.963522	-0.908615	0	0	0	
276472	144.651	0.178067	0.417716	1	25615.4	-0.744172	-1.00115	0	0	0	
306559	342.997	0.142081	0.369353	1	14104.6	-0.906935	-0.999493	0	0	0	
267783	304.754	0.19177	0.415648	1	14104.6	-0.897604	-0.999664	0	0	0	
276472	414.441	0.145012	0.375726	1	14104.6	-0.943101	-0.998246	0	0	0	
112140	124.116	0.170761	0.293834	0.995329	13222.1	-0.581324	-1.0015	0	0	0	



#Generation 20 / 60
currentGen	20
evaluateCount	800
totalTime	1901.91
firstFrontCount	40
frontCount	1
avgEvalTime	9.59701
#end
Var1	Var2	Var3	Var4	Var5	Var6	Obj1	Obj2	Cons1	Cons2	Cons3	
112140	135.98	0.170761	0.369391	0.999291	14685.1	-0.664538	-1.00162	0	0	0	
356384	321.557	0.117042	0.511531	1	13284.7	-0.963522	-0.908615	0	0	0	
112140	135.98	0.170761	0.369391	0.999291	14685.1	-0.664538	-1.00162	0	0	0	
369025	319.22	0.118596	0.447491	1	18011.7	-0.958611	-0.962394	0	0	0	
369025	323.477	0.108866	0.447491	1	19997.5	-0.959312	-0.940498	0	0	0	
358704	261.75	0.117617	0.587465	1	17094.7	-0.960515	-0.924151	0	0	0	
367371	367.243	0.126415	0.386313	1	15531.4	-0.957368	-0.980902	0	0	0	
276472	144.651	0.148216	0.368967	1	25615.4	-0.710991	-1.00125	0	0	0	
306559	368.86	0.142748	0.419644	1	14104.6	-0.955369	-0.990282	0	0	0	
202860	265.793	0.114647	0.327638	0.999542	15486.7	-0.799181	-1.00066	0	0	0	
202860	235.243	0.0926035	0.327638	0.999291	13443.2	-0.76633	-1.00083	0	0	0	
276472	137.192	0.148216	0.368967	0.992307	21529.5	-0.685413	-1.00128	0	0	0	
276472	144.651	0.178067	0.417716	1	25615.4	-0.744172	-1.00115	0	0	0	
306559	348.124	0.19177	0.415648	1	14104.6	-0.945743	-0.994036	0	0	0	
202860	249.344	0.114647	0.384368	0.999397	13596.2	-0.815987	-1.00025	0	0	0	
299191	321.557	0.146753	0.330662	0.990152	14903.1	-0.858507	-0.9999	0	0	0	
202860	219.264	0.114647	0.327638	0.999291	13443.2	-0.749127	-1.00097	0	0	0	
208438	209.224	0.114647	0.481141	0.999291	13222	-0.826943	-1.00007	0	0	0	
276472	266.227	0.235543	0.344149	0.993735	21655.9	-0.838371	-0.999907	0	0	0	
329680	367.159	0.147613	0.386235	1	14678.8	-0.944993	-0.997279	0	0	0	
251337	348.124	0.19177	0.415648	1	14104.6	-0.921099	-0.999245	0	0	0	
468689	321.557	0.104538	0.328609	1	12800.7	-0.90824	-0.999458	0	0	0	
425394	296.409	0.114647	0.396032	0.999713	13222	-0.926499	-0.999039	0	0	0	
276472	414.441	0.145012	0.375726	1	14104.6	-0.943101	-0.998246	0	0	0	
279321	342.997	0.19177	0.329426	1	14104.6	-0.875579	-0.999806	0	0	0	
378109	342.997	0.131108	0.314005	1	13273.2	-0.886643	-0.999771	0	0	0	
276472	266.227	0.235543	0.344149	0.993735	21529.5	-0.838082	-0.999913	0	0	0	
306559	342.997	0.142081	0.415648	1	14104.6	-0.935384	-0.998492	0	0	0	
276472	383.442	0.145012	0.331151	1	14104.6	-0.896756	-0.999673	0	0	0	
392615	209.224	0.114647	0.506904	0.999762	13222	-0.887322	-0.999733	0	0	0	
306559	342.997	0.142081	0.415648	1	14183.6	-0.935535	-0.998459	0	0	0	
291177	342.997	0.151206	0.314128	1	14104.6	-0.864251	-0.999899	0	0	0	
299191	324.373	0.139645	0.330662	1	14903.1	-0.866717	-0.999898	0	0	0	
369525	311.779	0.144874	0.328609	1	12800.7	-0.872206	-0.999863	0	0	0	
335344	329.456	0.114647	0.40221	0.999357	13222	-0.922628	-0.999129	0	0	0	
306559	342.997	0.142081	0.369353	1	14104.6	-0.906935	-0.999493	0	0	0	
267783	304.754	0.19177	0.415648	1	14104.6	-0.897604	-0.999664	0	0	0	
276483	283.753	0.19177	0.448594	1	14130.7	-0.902643	-0.999496	0	0	0	
436450	321.557	0.146753	0.328609	1	12800.7	-0.902118	-0.999658	0	0	0	
257919	387.367	0.143009	0.302864	1	14399.2	-0.874356	-0.999851	0	0	0	



#Generation 21 / 60
currentGen	21
evaluateCount	840
totalTime	1994.56
firstFrontCount	40
frontCount	1
avgEvalTime	8.73623
#end
Var1	Var2	Var3	Var4	Var5	Var6	Obj1	Obj2	Cons1	Cons2	Cons3	
112140	135.98	0.170761	0.369391	0.999291	14685.1	-0.664538	-1.00162	0	0	0	
356384	321.557	0.117042	0.511531	1	13284.7	-0.963522	-0.908615	0	0	0	
112140	135.98	0.170761	0.369391	0.999291	14685.1	-0.664538	-1.00162	0	0	0	
369025	319.22	0.118596	0.447491	1	18011.7	-0.958611	-0.962394	0	0	0	
369025	323.477	0.108866	0.447491	1	19997.5	-0.959312	-0.940498	0	0	0	
358704	261.75	0.117617	0.587465	1	17094.7	-0.960515	-0.924151	0	0	0	
367371	367.243	0.126415	0.386313	1	15531.4	-0.957368	-0.980902	0	0	0	
306559	368.86	0.142748	0.419644	1	14104.6	-0.955369	-0.990282	0	0	0	
202860	265.793	0.114647	0.327638	0.999542	15486.7	-0.799181	-1.00066	0	0	0	
276472	108.852	0.178067	0.417716	1	25615.4	-0.66744	-1.0014	0	0	0	
276472	144.651	0.148216	0.368967	1	25110.7	-0.709918	-1.00129	0	0	0	
276472	144.651	0.178067	0.417716	1	25615.4	-0.744172	-1.00115	0	0	0	
276472	144.651	0.148216	0.368967	1	25615.4	-0.710991	-1.00125	0	0	0	
202860	235.243	0.0926035	0.327638	0.999291	13443.2	-0.76633	-1.00083	0	0	0	
306559	348.124	0.19177	0.415648	1	14104.6	-0.945743	-0.994036	0	0	0	
202860	249.344	0.114647	0.384368	0.999397	13596.2	-0.815987	-1.00025	0	0	0	
299191	321.557	0.146753	0.330662	0.990152	14903.1	-0.858507	-0.9999	0	0	0	
208438	209.224	0.114647	0.481141	0.999291	13222	-0.826943	-1.00007	0	0	0	
202860	219.264	0.114647	0.327638	0.999291	14743.3	-0.75233	-1.00103	0	0	0	
276472	266.227	0.235543	0.344149	0.993735	21655.9	-0.838371	-0.999907	0	0	0	
279321	323.417	0.138529	0.354211	1	14104.6	-0.874574	-0.999894	0	0	0	
329680	367.159	0.147613	0.386235	1	14678.8	-0.944993	-0.997279	0	0	0	
251337	348.124	0.19177	0.415648	1	14104.6	-0.921099	-0.999245	0	0	0	
468689	321.557	0.104538	0.328609	1	12800.7	-0.90824	-0.999458	0	0	0	
425394	296.409	0.114647	0.396032	0.999713	13222	-0.926499	-0.999039	0	0	0	
202860	219.264	0.114647	0.350294	1	13443.2	-0.765402	-1.00087	0	0	0	
276472	414.441	0.145012	0.375726	1	14104.6	-0.943101	-0.998246	0	0	0	
223751	431.852	0.147795	0.326979	0.978585	12191.6	-0.883564	-0.999827	0	0	0	
276472	266.227	0.235543	0.344149	0.993735	21529.5	-0.838082	-0.999913	0	0	0	
306559	342.997	0.142081	0.415648	1	14104.6	-0.935384	-0.998492	0	0	0	
299191	324.373	0.139645	0.330662	1	14903.1	-0.866717	-0.999898	0	0	0	
306559	342.997	0.179686	0.344569	1	14104.6	-0.893167	-0.999685	0	0	0	
306559	342.997	0.142081	0.415648	1	14183.6	-0.935535	-0.998459	0	0	0	
291177	342.997	0.151206	0.314128	1	14104.6	-0.864251	-0.999899	0	0	0	
392615	209.224	0.114647	0.506904	0.999762	13222	-0.887322	-0.999733	0	0	0	
335344	329.456	0.114647	0.40221	0.999357	13222	-0.922628	-0.999129	0	0	0	
306559	342.997	0.142081	0.369353	1	14104.6	-0.906935	-0.999493	0	0	0	
436450	321.557	0.146753	0.328609	1	12800.7	-0.902118	-0.999658	0	0	0	
267783	304.754	0.19177	0.415648	1	14104.6	-0.897604	-0.999664	0	0	0	
276483	283.753	0.19177	0.448594	1	14130.7	-0.902643	-0.999496	0	0	0	



#Generation 22 / 60
currentGen	22
evaluateCount	880
totalTime	2093.13
firstFrontCount	40
frontCount	1
avgEvalTime	9.29246
#end
Var1	Var2	Var3	Var4	Var5	Var6	Obj1	Obj2	Cons1	Cons2	Cons3	
112140	135.98	0.170761	0.369391	0.999291	14685.1	-0.664538	-1.00162	0	0	0	
356384	321.557	0.117042	0.511531	1	13284.7	-0.963522	-0.908615	0	0	0	
112140	135.98	0.170761	0.369391	0.999291	14685.1	-0.664538	-1.00162	0	0	0	
306559	368.86	0.142748	0.419644	1	14104.6	-0.955369	-0.990282	0	0	0	
202860	265.793	0.114647	0.327638	0.999542	15486.7	-0.799181	-1.00066	0	0	0	
276472	144.651	0.148216	0.368967	1	25110.7	-0.709918	-1.00129	0	0	0	
276472	144.651	0.178067	0.417716	1	25615.4	-0.744172	-1.00115	0	0	0	
276472	144.651	0.148216	0.368967	1	25615.4	-0.710991	-1.00125	0	0	0	
202860	235.243	0.0926035	0.327638	0.999291	13443.2	-0.76633	-1.00083	0	0	0	
306559	348.124	0.19177	0.415648	1	14104.6	-0.945743	-0.994036	0	0	0	
202860	249.344	0.114647	0.384368	0.999397	13596.2	-0.815987	-1.00025	0	0	0	
299191	321.557	0.146753	0.330662	0.990152	14903.1	-0.858507	-0.9999	0	0	0	
208438	209.224	0.114647	0.481141	0.999291	13222	-0.826943	-1.00007	0	0	0	
202860	219.264	0.114647	0.327638	0.999291	14743.3	-0.75233	-1.00103	0	0	0	
276472	266.227	0.235543	0.344149	0.993735	21655.9	-0.838371	-0.999907	0	0	0	
279321	323.417	0.138529	0.354211	1	14104.6	-0.874574	-0.999894	0	0	0	
329680	367.159	0.147613	0.386235	1	14678.8	-0.944993	-0.997279	0	0	0	
251337	348.124	0.19177	0.415648	1	14104.6	-0.921099	-0.999245	0	0	0	
468689	321.557	0.104538	0.328609	1	12800.7	-0.90824	-0.999458	0	0	0	
425394	296.409	0.114647	0.396032	0.999713	13222	-0.926499	-0.999039	0	0	0	
202860	219.264	0.114647	0.350294	1	13443.2	-0.765402	-1.00087	0	0	0	
276472	414.441	0.145012	0.375726	1	14104.6	-0.943101	-0.998246	0	0	0	
223751	431.852	0.147795	0.326979	0.978585	12191.6	-0.883564	-0.999827	0	0	0	
276472	266.227	0.235543	0.344149	0.993735	21529.5	-0.838082	-0.999913	0	0	0	
306559	342.997	0.142081	0.415648	1	14104.6	-0.935384	-0.998492	0	0	0	
299191	324.373	0.139645	0.330662	1	14903.1	-0.866717	-0.999898	0	0	0	
306559	342.997	0.179686	0.344569	1	14104.6	-0.893167	-0.999685	0	0	0	
306559	342.997	0.142081	0.415648	1	14183.6	-0.935535	-0.998459	0	0	0	
291177	342.997	0.151206	0.314128	1	14104.6	-0.864251	-0.999899	0	0	0	
392615	209.224	0.114647	0.506904	0.999762	13222	-0.887322	-0.999733	0	0	0	
335344	329.456	0.114647	0.40221	0.999357	13222	-0.922628	-0.999129	0	0	0	
306559	342.997	0.142081	0.369353	1	14104.6	-0.906935	-0.999493	0	0	0	
436450	321.557	0.146753	0.328609	1	12800.7	-0.902118	-0.999658	0	0	0	
267783	304.754	0.19177	0.415648	1	14104.6	-0.897604	-0.999664	0	0	0	
276483	283.753	0.19177	0.448594	1	14130.7	-0.902643	-0.999496	0	0	0	
306559	457.678	0.134576	0.368728	1	15499.7	-0.962689	-0.942426	0	0	0	
202860	265.793	0.114647	0.327638	0.999542	15486.7	-0.799181	-1.00066	0	0	0	
112140	135.98	0.171238	0.39113	0.999291	14685.1	-0.677968	-1.00154	0	0	0	
276472	108.852	0.178067	0.417716	1	27601.5	-0.671539	-1.00161	0	0	0	
337284	371.064	0.112779	0.415648	1	14104.6	-0.961143	-0.981883	0	0	0	



#Generation 23 / 60
currentGen	23
evaluateCount	920
totalTime	2200.33
firstFrontCount	40
frontCount	1
avgEvalTime	10.021
#end
Var1	Var2	Var3	Var4	Var5	Var6	Obj1	Obj2	Cons1	Cons2	Cons3	
112140	135.98	0.170761	0.369391	0.999291	14685.1	-0.664538	-1.00162	0	0	0	
356384	321.557	0.117042	0.511531	1	13284.7	-0.963522	-0.908615	0	0	0	
112140	135.98	0.170761	0.369391	0.999291	14685.1	-0.664538	-1.00162	0	0	0	
306559	457.678	0.134576	0.368728	1	15499.7	-0.962689	-0.942426	0	0	0	
258068	321.557	0.135628	0.559067	1	13526.7	-0.962382	-0.977139	0	0	0	
208438	209.224	0.114647	0.481141	0.999291	13222	-0.826943	-1.00007	0	0	0	
306559	368.86	0.142748	0.419644	1	14104.6	-0.955369	-0.990282	0	0	0	
337284	371.064	0.112779	0.415648	1	14104.6	-0.961143	-0.981883	0	0	0	
276472	415.819	0.122152	0.276384	1	13203.5	-0.871313	-0.99992	0	0	0	
276472	144.651	0.178067	0.417716	1	25615.4	-0.744172	-1.00115	0	0	0	
112140	135.98	0.171238	0.39113	0.999291	14685.1	-0.677968	-1.00154	0	0	0	
276472	144.651	0.148216	0.368967	1	25615.4	-0.710991	-1.00125	0	0	0	
202860	235.243	0.0926035	0.327638	0.999291	13443.2	-0.76633	-1.00083	0	0	0	
202860	265.793	0.114647	0.327638	0.999542	15486.7	-0.799181	-1.00066	0	0	0	
276472	144.651	0.148216	0.368967	1	25110.7	-0.709918	-1.00129	0	0	0	
306559	348.124	0.19177	0.415648	1	14104.6	-0.945743	-0.994036	0	0	0	
202860	249.344	0.114647	0.384368	0.999397	13596.2	-0.815987	-1.00025	0	0	0	
202860	265.793	0.114647	0.327638	0.999542	15486.7	-0.799181	-1.00066	0	0	0	
329680	367.159	0.147613	0.386235	1	14678.8	-0.944993	-0.997279	0	0	0	
251337	348.124	0.19177	0.415648	1	14104.6	-0.921099	-0.999245	0	0	0	
468689	321.557	0.104538	0.328609	1	12800.7	-0.90824	-0.999458	0	0	0	
202860	219.264	0.114647	0.350294	1	13443.2	-0.765402	-1.00087	0	0	0	
202860	219.264	0.114647	0.327638	0.999291	14743.3	-0.75233	-1.00103	0	0	0	
276472	108.852	0.178067	0.417716	1	27601.5	-0.671539	-1.00161	0	0	0	
276472	414.441	0.145012	0.375726	1	14104.6	-0.943101	-0.998246	0	0	0	
321284	374.572	0.112779	0.367229	1	14104.6	-0.928466	-0.998784	0	0	0	
306559	342.997	0.179686	0.344569	1	14104.6	-0.893167	-0.999685	0	0	0	
392615	209.224	0.114647	0.506904	0.999762	13222	-0.887322	-0.999733	0	0	0	
223751	431.852	0.147795	0.326979	0.978585	12191.6	-0.883564	-0.999827	0	0	0	
219302	431.852	0.147795	0.310449	0.98752	12191.6	-0.877951	-0.999877	0	0	0	
267783	304.754	0.19177	0.415648	1	14104.6	-0.897604	-0.999664	0	0	0	
196795	219.264	0.12866	0.328739	0.999291	14743.3	-0.751921	-1.00104	0	0	0	
306559	342.997	0.142081	0.415648	1	14183.6	-0.935535	-0.998459	0	0	0	
306559	342.997	0.142081	0.415648	1	14104.6	-0.935384	-0.998492	0	0	0	
425394	296.409	0.114647	0.396032	0.999713	13222	-0.926499	-0.999039	0	0	0	
279321	323.417	0.138529	0.354211	1	14104.6	-0.874574	-0.999894	0	0	0	
335344	329.456	0.114647	0.40221	0.999357	13222	-0.922628	-0.999129	0	0	0	
306559	342.997	0.142081	0.369353	1	14104.6	-0.906935	-0.999493	0	0	0	
436450	321.557	0.146753	0.328609	1	12800.7	-0.902118	-0.999658	0	0	0	
276483	283.753	0.19177	0.448594	1	14130.7	-0.902643	-0.999496	0	0	0	



#Generation 24 / 60
currentGen	24
evaluateCount	960
totalTime	2307.17
firstFrontCount	40
frontCount	1
avgEvalTime	9.17934
#end
Var1	Var2	Var3	Var4	Var5	Var6	Obj1	Obj2	Cons1	Cons2	Cons3	
276472	47.3546	0.148216	0.368967	1	25938.6	-0.434314	-1.00166	0	0	0	
356384	321.557	0.117042	0.511531	1	13284.7	-0.963522	-0.908615	0	0	0	
306559	457.678	0.134576	0.368728	1	15499.7	-0.962689	-0.942426	0	0	0	
112140	135.98	0.170761	0.369391	0.999291	14685.1	-0.664538	-1.00162	0	0	0	
258068	321.557	0.135628	0.559067	1	13526.7	-0.962382	-0.977139	0	0	0	
306559	368.86	0.142748	0.419644	1	14104.6	-0.955369	-0.990282	0	0	0	
337284	371.064	0.112779	0.415648	1	14104.6	-0.961143	-0.981883	0	0	0	
208438	209.224	0.114647	0.481141	0.999291	13222	-0.826943	-1.00007	0	0	0	
306559	348.124	0.19177	0.415648	1	14104.6	-0.945743	-0.994036	0	0	0	
276472	415.819	0.122152	0.276384	1	13203.5	-0.871313	-0.99992	0	0	0	
112140	135.98	0.171238	0.39113	0.999291	14685.1	-0.677968	-1.00154	0	0	0	
276472	144.651	0.148216	0.368967	1	25110.7	-0.709918	-1.00129	0	0	0	
202860	265.793	0.114647	0.327638	0.999542	15486.7	-0.799181	-1.00066	0	0	0	
202860	235.243	0.0926035	0.327638	0.999291	13443.2	-0.76633	-1.00083	0	0	0	
202860	249.344	0.114647	0.384368	0.999397	13596.2	-0.815987	-1.00025	0	0	0	
132408	135.98	0.171238	0.480015	0.999291	14685.1	-0.723593	-1.00118	0	0	0	
276472	144.651	0.178067	0.417716	1	25615.4	-0.744172	-1.00115	0	0	0	
329680	367.159	0.147613	0.386235	1	14678.8	-0.944993	-0.997279	0	0	0	
202860	265.793	0.114647	0.327638	0.999542	15486.7	-0.799181	-1.00066	0	0	0	
276472	414.441	0.145012	0.375726	1	14104.6	-0.943101	-0.998246	0	0	0	
202860	219.264	0.114647	0.350294	1	13443.2	-0.765402	-1.00087	0	0	0	
202860	219.264	0.114647	0.327638	0.999291	14743.3	-0.75233	-1.00103	0	0	0	
286575	144.651	0.148216	0.368967	1	26776.7	-0.714554	-1.00129	0	0	0	
306559	342.997	0.142081	0.384358	1	14183.6	-0.916013	-0.999277	0	0	0	
276472	108.852	0.178067	0.417716	1	27601.5	-0.671539	-1.00161	0	0	0	
321284	374.572	0.112779	0.367229	1	14104.6	-0.928466	-0.998784	0	0	0	
306559	342.997	0.179686	0.344569	1	14104.6	-0.893167	-0.999685	0	0	0	
392615	209.224	0.114647	0.506904	0.999762	13222	-0.887322	-0.999733	0	0	0	
468689	321.557	0.104538	0.328609	1	12800.7	-0.90824	-0.999458	0	0	0	
223751	431.852	0.147795	0.326979	0.978585	12191.6	-0.883564	-0.999827	0	0	0	
219302	431.852	0.147795	0.310449	0.98752	12191.6	-0.877951	-0.999877	0	0	0	
306559	342.997	0.142081	0.415648	1	14183.6	-0.935535	-0.998459	0	0	0	
267783	304.754	0.19177	0.415648	1	14104.6	-0.897604	-0.999664	0	0	0	
306559	342.997	0.142081	0.415648	1	14104.6	-0.935384	-0.998492	0	0	0	
196795	219.264	0.12866	0.328739	0.999291	14743.3	-0.751921	-1.00104	0	0	0	
425394	296.409	0.114647	0.396032	0.999713	13222	-0.926499	-0.999039	0	0	0	
251337	348.124	0.19177	0.415648	1	14104.6	-0.921099	-0.999245	0	0	0	
112140	135.98	0.170761	0.369391	0.999291	14685.1	-0.664538	-1.00162	0	0	0	
279321	323.417	0.138529	0.354211	1	14104.6	-0.874574	-0.999894	0	0	0	
335344	329.456	0.114647	0.40221	0.999357	13222	-0.922628	-0.999129	0	0	0	



#Generation 25 / 60
currentGen	25
evaluateCount	1000
totalTime	2409.28
firstFrontCount	40
frontCount	1
avgEvalTime	9.93304
#end
Var1	Var2	Var3	Var4	Var5	Var6	Obj1	Obj2	Cons1	Cons2	Cons3	
356384	321.557	0.117042	0.51054	0.999929	12653.7	-0.963797	-0.915744	0	0	0	
276472	47.3546	0.148216	0.368967	1	25938.6	-0.434314	-1.00166	0	0	0	
306559	457.678	0.134576	0.368728	1	15499.7	-0.962689	-0.942426	0	0	0	
258068	321.557	0.135628	0.559067	1	13526.7	-0.962382	-0.977139	0	0	0	
112140	135.98	0.170761	0.369391	0.999291	14685.1	-0.664538	-1.00162	0	0	0	
356384	321.557	0.117042	0.504452	1	12740.6	-0.963795	-0.926028	0	0	0	
306559	368.86	0.142748	0.419644	1	14104.6	-0.955369	-0.990282	0	0	0	
337284	371.064	0.112779	0.415648	1	14104.6	-0.961143	-0.981883	0	0	0	
208438	209.224	0.114647	0.481141	0.999291	13222	-0.826943	-1.00007	0	0	0	
306559	348.124	0.19177	0.415648	1	14104.6	-0.945743	-0.994036	0	0	0	
276472	415.819	0.122152	0.276384	1	13203.5	-0.871313	-0.99992	0	0	0	
112140	135.98	0.171238	0.39113	0.999291	14685.1	-0.677968	-1.00154	0	0	0	
276472	144.651	0.148216	0.368967	1	25110.7	-0.709918	-1.00129	0	0	0	
231330	249.344	0.114647	0.304078	1	14129.6	-0.768525	-1.00071	0	0	0	
202860	265.793	0.114647	0.327638	0.999542	15486.7	-0.799181	-1.00066	0	0	0	
132408	135.98	0.171238	0.480015	0.999291	14685.1	-0.723593	-1.00118	0	0	0	
276472	144.651	0.178067	0.417716	1	25615.4	-0.744172	-1.00115	0	0	0	
329680	367.159	0.147613	0.386235	1	14678.8	-0.944993	-0.997279	0	0	0	
202860	249.344	0.114647	0.384368	0.999397	13596.2	-0.815987	-1.00025	0	0	0	
202860	265.793	0.114647	0.334718	0.999542	15486.7	-0.804051	-1.00047	0	0	0	
276472	414.441	0.145012	0.375726	1	14104.6	-0.943101	-0.998246	0	0	0	
202860	219.264	0.114647	0.350294	1	13443.2	-0.765402	-1.00087	0	0	0	
468689	321.557	0.104538	0.328609	1	12800.7	-0.90824	-0.999458	0	0	0	
202860	219.264	0.114647	0.327638	0.999291	14743.3	-0.75233	-1.00103	0	0	0	
286575	144.651	0.148216	0.368967	1	26776.7	-0.714554	-1.00129	0	0	0	
306559	342.997	0.142081	0.384358	1	14183.6	-0.916013	-0.999277	0	0	0	
219302	431.852	0.147795	0.310449	0.98752	12191.6	-0.877951	-0.999877	0	0	0	
321284	374.572	0.112779	0.367229	1	14104.6	-0.928466	-0.998784	0	0	0	
202421	348.124	0.16434	0.415648	1	14104.6	-0.90257	-0.99952	0	0	0	
271192	321.557	0.117042	0.392346	1	11484	-0.887207	-0.999867	0	0	0	
267783	304.754	0.19177	0.415648	1	14104.6	-0.897604	-0.999664	0	0	0	
306559	342.997	0.179686	0.344569	1	14104.6	-0.893167	-0.999685	0	0	0	
306559	342.997	0.142081	0.415648	1	14183.6	-0.935535	-0.998459	0	0	0	
306559	342.997	0.142081	0.415648	1	14104.6	-0.935384	-0.998492	0	0	0	
196795	219.264	0.12866	0.328739	0.999291	14743.3	-0.751921	-1.00104	0	0	0	
276472	108.852	0.178067	0.417716	1	27601.5	-0.671539	-1.00161	0	0	0	
425394	296.409	0.114647	0.396032	0.999713	13222	-0.926499	-0.999039	0	0	0	
251337	348.124	0.19177	0.415648	1	14104.6	-0.921099	-0.999245	0	0	0	
112140	135.98	0.170761	0.369391	0.999291	14685.1	-0.664538	-1.00162	0	0	0	
306559	342.997	0.156205	0.344569	0.999311	13571.3	-0.889169	-0.999807	0	0	0	



