#NSGA2
popsize 8
maxGen 1
numVar 8
numObj 2
numCons 3
stateFieldNames	currentGen	evaluateCount	totalTime	firstFrontCount	frontCount	avgEvalTime	
#end


#Generation 1 / 1
currentGen	1
evaluateCount	8
totalTime	129.479
firstFrontCount	2
frontCount	7
avgEvalTime	16.1798
#end
Var1	Var2	Var3	Var4	Var5	Var6	Var7	Var8	Obj1	Obj2	Cons1	Cons2	Cons3	
729424	636.863	0.466993	1.74458	0.204095	41921.6	15.7488	20.7437	-0.173441	-0.44265	0	0.45735	0	
134009	763.695	0.809372	0.257078	0.352904	13701.7	5.78571	10.7967	-0.194743	-0.725382	0	0.174618	0	
220676	47.902	0.236211	0.16219	0.529994	10673.4	15.4153	17.1233	-0.332644	-1.37963	0	0	0	
668059	167.02	0.853895	0.316849	0.367491	34858.6	12.9682	15.0455	-0.226352	-0.916332	0	0	0	
426116	522.158	0.160664	0.195794	0.275738	10866.2	13.1395	29.7686	-0.561089	-1.03888	0	0	0	
145659	192.491	0.797584	0.305982	0.503796	47715.5	3.06002	10.3231	-0.20092	-0.608125	0	0.291875	0	
505606	847.618	0.259414	1.28037	0.330035	23933	2.1577	8.96521	-0.208854	-0.261881	0	0.638119	0	
326949	853.126	0.866399	0.277531	0.175609	24599.3	10.3946	6.39168	-0.160406	-0.775435	0	0.124565	0	



